0.07958414286873117,-0.02515695870354495
0.7892584980069763,4.674995371005091
0.7758010185025244,8.363600191366263
0.9101661556210074,8.1360300984523
0.9697713720037227,8.081415166626815
0.6055604146763733,-0.8537939465110576
-1.910309377071741,8.796732651563602
2.610794202017109,58.489802066678244
1.3286767254452325,15.227740877838713
-0.7298968815437106,3.0919618506753075
-1.5377006386571268,8.19202457530494
0.6837932402208295,7.705351487491704
1.0454420060390075,10.02410944590782
1.959011401009509,31.36213907660284
-1.5053180151322785,5.78743531408544
2.684607314875838,63.158495879439165
-1.309218678534969,4.106030079206722
-1.5754284235354152,7.946472096572679
0.6609894160423817,3.372101044614137
-0.1768746090384714,0.4010804073069628
-0.6457681878884818,-1.5038616910349663
1.5423641494809521,21.173656386578376
-0.23868015462573755,1.9115411698311442
-1.1507993915974133,1.884257661807307
-0.26384345434598044,-2.8375098168174633
-0.5445994235108924,-0.06424405094997421
-0.6164031828002174,0.026507595348617796
1.8771692520631729,29.37946299064975
-1.8370480477639215,6.784786529869353
-0.9651576835789681,2.81007511696289
-0.8175800736152592,2.6227048501047703
0.5764069308710931,4.0389165748417595
-1.9596174312675734,6.906324312447359
0.5027763842659398,2.9163638083874646
-1.3642498851883045,4.639909864458567
-0.07397238409311546,-0.7861697015479934
-1.5202555746452755,6.386785561333394
1.2772578248166875,12.77930559651876
0.9079487151524761,8.432056763727168
-0.8424736696414845,7.672550480012983
2.408308986957297,48.28106593724202
-0.4088064437696648,-2.3734185342482883
0.4384305674462863,1.4712042712166942
-0.29141367361160997,1.4245677706542814
1.2532335283736162,13.303269774519181
-1.8236354494907348,7.262765795895031
-0.9490520295763776,1.4182801461057066
-1.1721854517444985,4.997775381784464
-0.37031257120901984,1.0036571009867439
-0.9254980947160383,-1.0400763359966492
2.28926585938974,44.593493250378124
-1.245459095635176,3.3624453993630983
1.2477792945759365,13.11570483858795
-1.672042737107196,7.383419208448523
-0.10750594764310595,-2.9767444460261325
-1.433340444923886,1.9185386035355942
0.6925356561474336,3.4933006525621613
1.1847720537393505,10.927816759014044
2.1999138911429963,42.69292539417723
-0.2776113919649714,1.295106453670555
2.618814591914015,59.50774961999517
-1.674194485601667,8.1425839299484
-0.6248720374165921,-0.40862696908517493
2.1605108007789298,40.428677767100204
1.134598526152263,8.948193014476036
-1.958667297478911,7.710669133482083
-0.8407572015250246,4.822817666210597
0.6388202875852658,2.399437817446133
-0.7334930000864486,-1.2750471531602745
0.008054096939780209,5.837658141671952
-1.3991839316727288,2.3962997045584142
2.0250986725646767,29.93904590599324
0.9685208276327151,6.381848898604425
-0.7705187266208184,5.412034601756176
-1.0110632795819896,1.5356380562589669
-1.8952110409490335,8.242923766262507
1.047573705378574,13.544969175318723
0.9142643036303544,5.014785928427104
1.282422512735113,13.210840599843255
-1.443662102555726,3.9690616273719064
-0.7431366609078038,2.8205845244847447
2.896836895107569,73.44794244856867
2.359778943243093,46.463927338771164
1.7444962797579198,22.51181068603387
0.7294391263283071,1.9242877046990259
-0.31282745064546313,-0.14953087504484952
2.9074563827598467,75.78758335427455
1.4520770980629685,17.9881391687269
2.670113835576644,61.45434772469495
-0.26540911998214,1.439387675273838
0.14577737096551147,4.328095302270151
1.517895060266298,20.196870597937313
1.7659200113498192,25.603942009430934
2.814841717981687,67.1563267671633
0.7686174583171153,5.574702475064058
1.4713196803159145,17.72818501966722
-0.12472678771220869,-1.4432671526827514
1.9815122517206438,32.08853551284251
0.5651407365893073,4.877522435121156
-1.1953730593733791,4.680523017707161
1.935602498797011,31.151213529326185
1.0664177548905966,11.195002001335
2.276329939911527,49.10763936545504
-1.2278747764141982,5.377215010655358
2.7016517296755946,64.3026819351233
-0.23887441399738574,2.7428802587396004
-0.16023443442288343,0.16290782980581853
1.179107501549927,10.164044223188098
2.1309613254435016,38.823425001770765
-0.5248252307597516,0.16064138343047518
1.3089208121067974,14.031669266438264
2.6377471306962876,65.24742394943875
-0.4927727124414587,1.8338891759869569
-0.9109897630329082,3.049154493918997
-1.4900150580515585,7.593834778064689
0.8445458659821758,6.892452061794971
0.4765919982575495,1.992503451561478
0.26231464253826253,1.8679953239178253
-1.2676463446238815,4.038610875815509
1.4894146289099437,17.650263619957755
1.9429944778792754,33.46060873943539
-0.7180920537638458,0.8876427588441198
1.2185181967413214,12.359908630373486
-0.14824561827052207,-0.5614564038483822
-1.769357371870827,9.16361291680461
2.1213580890017445,39.7421426568793
0.055949123815344226,1.7338409994373976
0.7872679644887244,6.653950021260496
-1.6277322006852273,2.7213193901905237
-0.9136988586219612,5.258947371134415
-0.04359297063788459,-0.2404086896551152
2.9692933113053073,79.57743261389273
1.4934385420038563,20.353412418250212
1.9985062589794493,31.640268188996362
0.46617077945033847,7.393493690225476
0.7530684004669821,5.1564452796033535
-0.7260339733849941,4.9393562549881675
2.922735359362357,75.16169494246431
1.5033169584909762,16.822768035259
-1.8800209755085628,7.3682101101905975
-1.3289177921886368,3.4443920497196556
1.5371136255997335,23.670316146235056
0.7281582942540554,5.159785259716371
1.2000012199362367,10.516113381771556
2.5051276767607877,52.59280510277331
-0.7226320962297783,5.25270034250441
1.731057945305417,26.613569309001697
2.390357488536175,50.15958398293534
-0.862122924685476,4.408248192238521
-0.3437867757110533,2.8495752543545847
-1.2600194091998906,3.398963771073955
-1.6335979166720587,7.853354858514123
-0.9887871135406794,3.7547708774800173
-1.6310654837489196,9.11001883190415
0.20837510906041645,1.850546465471888
2.027847746525965,35.132797400410034
1.220454628389919,12.902876110425357
-0.86093538460475,4.002455141874368
-0.7069911463458634,-0.833086550380143
-0.031150845472250666,-2.6717098761658336
-1.1587757157345666,2.5694277735894078
-0.25841340536198576,3.4792872500346617
2.45447921708804,49.83834412338643
0.2190159215886327,3.612845520654159
1.2028162222058887,13.414003139251342
-1.062098784244736,1.490722893178021
1.086509470239629,7.409161691530338
1.8461044812274947,29.59769346863897
-0.03692807888694949,-1.3156601149217473
-0.6019692915675434,-0.5154361425493894
1.3616352697598977,18.553708206518486
1.728467950532011,26.573935545483906
1.2034713456179844,12.01987983042139
-1.2712989503145877,3.3189767566087323
2.0828696435948597,37.14447211723298
0.9513540690136741,7.881452754512635
-0.0590424484613683,3.233327660546212
-0.8112126705880538,1.3340352803233757
1.1904610418405137,12.382061281153687
-1.485390383724337,4.359458590720923
1.995528856032525,34.46010846657937
2.093831753718815,38.70699752808507
-1.6474682947231454,6.103840782860566
0.4637121610467352,4.688896281942989
0.7578840500997326,7.309916745013414
-1.9304808219775547,6.555639442129798
2.835793765049824,69.8923615767887
1.4104233507733648,16.590180851700794
-1.7431066211826667,6.513258646586321
1.658699639823575,14.502273575380281
2.2045453516123024,38.69387683937573
-0.37744662342222557,-1.7639680470654913
1.2824858295444574,14.07733508405165
1.7454995740996355,25.33738567365557
0.5339784387023019,0.8722538626878156
0.9941684310538141,11.50296601375267
0.8729773342801241,6.258832872528392
0.8322389104845818,4.955306126020382
-1.9528526701934,7.039344639875122
0.24384233370622876,1.3425749002033291
-1.4202108324157952,5.630604048285891
-0.4785114103601933,0.08275199384406018
0.7663676434108844,8.671398536409463
-1.6615093958398228,8.508702151215006
1.103602739394944,7.138635185607527
2.556624206686805,55.861578184836986
1.458918274515093,14.4390963742667
-0.19582130417095867,3.6598349295056267
1.9841813443261347,32.398511027072914
-0.5103515672227514,2.4818231712893457
2.174887008548396,40.490207368096875
-1.6872846238353643,7.533648638098558
-0.8604057212613607,4.393490561190111
-0.16809214872322897,-1.7118820376933455
-0.8601536917669943,-1.0104176644317446
-1.5176873511295845,7.798118257990525
2.9288760503961697,71.29472590795382
-1.1133727423052746,4.9142469950705685
1.7009246644127702,26.02825541517421
0.07099649299411448,-0.033493807615279314
1.28533050553319,12.317192193827172
1.6840866592490702,21.339773991963696
2.1642601111787467,35.038081316902876
-0.4980373512827323,0.7864191481784926
1.910004005024168,26.544429147734473
0.9422784921270217,7.47652435705888
-1.5535529873600489,9.008493658163676
1.9273492027156776,29.350094717936777
1.7314480528948812,26.17803658606699
-1.9495066131209637,6.637650771271629
-0.4625621978376375,0.0023518174424441707
1.7676860656532467,23.88394422521775
0.8964805854958247,11.80188679752316
-0.9575789802617822,3.4479829070840395
0.5111346778002437,3.5217214185402286
2.863439362068033,65.38381658673512
1.2487469560906828,10.83270840481669
-0.34648315921350803,-0.9564684104080271
2.017925671593688,34.60693720742459
0.6747176775189416,4.032829240912986
0.2263966827460786,-2.1082171900750275
0.29826926232340867,5.10585275834608
-1.1946843793002364,1.8344332668275314
-0.20046261263566656,4.523736832759711
-1.927155202018712,8.758099418690032
-0.2624871294991986,-0.12940865598759288
-1.6979077269089569,8.793587434075821
2.1576547798466637,36.65763658666177
2.2834159011874258,43.0741237394046
-0.8319001071513559,-1.18867286172244
-1.8566636192832529,7.8850059031227415
0.2893325800513602,2.762091441628458
1.1817989491523724,13.575524643874694
2.023613850047199,33.71339824201057
0.8890187268763534,4.644641428510734
-1.0521926044631995,2.7749970478950883
-1.4280502834086661,6.1156064450322605
2.486186456589282,55.39299766527638
2.426867953716922,48.093234505349656
0.6651259450925249,4.8738413099434235
0.4815816382365794,6.169686819016246
0.24194186756462033,3.5911427797483704
-0.23645302288699188,-1.986964645970085
2.8462963613735903,74.3487870904196
-1.8012359120584291,5.611682281984233
0.5195652835337432,2.074684818576759
2.848996251356012,73.6707489464388
0.3738109589985559,-1.1124971272495876
1.387150185177636,19.191165254326823
-0.6579248495609313,0.8996859124347522
1.3043219394115582,14.530384172634632
-0.7341368950224636,3.9765897880945573
1.3855390560777843,14.907809045448724
0.24792286324681223,-0.20314346003384087
0.12346437581340863,2.759775194356347
-1.5490877985796818,7.05368679687828
2.9819374221565518,81.81278457537177
1.9572644313867604,34.87034885549939
1.7297212457840754,23.88315497511847
2.74266028133954,63.72602676797946
0.29742939517594547,-3.1740759406882866
2.499251794794575,50.363650389949385
0.16618220803512562,3.850605646973332
2.539957022979059,54.41486991526762
0.177174086145945,4.1362884776590985
0.25090487477553314,0.08029417435382324
1.1217138312158914,10.973521278321144
-1.6792630185877897,6.178944313733091
2.87627646451244,72.91151362663999
1.7076775239170812,23.286972731190954
2.722281545100124,65.7581693746154
-1.5816510861833608,11.391355827314406
0.7483261224937023,7.247549872266875
-1.5388625606764004,6.631516450004213
-1.2206889221900257,1.7430264530531705
-1.9194522761153996,5.723570008327943
-0.3436649465983499,2.3984932441823887
0.17524313281056703,-2.1933291875468734
-0.6469968726882329,3.279117949187704
-0.8376813900953777,0.9152673667468287
-0.70775478595827,-1.5325058721795592
-0.29014629033941075,4.083324122214288
-1.0470931933572807,4.657239246057302
1.5063768345789188,16.971114998968204
-0.9563566957061118,3.403348351289645
2.5544048338162604,55.0889570693676
-0.719276519344616,-1.0247147865247088
-0.9367942842790971,1.430133270320256
0.05476903302162883,5.276584787918432
0.8752055539750061,8.184588261233149
-1.0701754399071706,0.9408077167813338
-1.9950512075469327,8.068075222370526
1.210374048929907,13.911183300439767
1.586047789570955,23.308736348653287
1.7516299658710373,23.42820345964838
-0.8127913951494397,3.399064274479717
-0.5331329159595204,3.7866402776747634
2.5522792568010964,53.40221832060363
2.456186154622957,53.566356437654534
1.0081327640165405,8.600475768360225
-1.3220279530529444,6.268784977853106
2.9493016420071765,77.67664573247417
0.6119923360866615,5.992475007850796
-1.8373390381840116,12.286697691417789
1.213892505058205,12.010775945437445
2.8232093069597264,67.36828642065173
2.276683911434512,45.2582041826309
-1.1888594121723077,5.035186226812833
1.613655531739926,23.542791524484343
0.328727244560433,4.057343982670664
-0.3658540637840777,-0.5721135260416276
2.3055041454337744,41.53725680646798
0.8963019799339103,6.666001024738085
-0.9490642343163245,2.3086672205063055
2.35478201894467,43.29851165839486
1.2465432458523824,14.312152730530732
2.87911902806022,73.36751884113676
-0.27345803157292714,-3.349982968998863
0.1252890568572762,1.5336055165152913
2.552335429078922,54.2210129324499
2.6608696642936325,60.01757793409033
2.3434098882807275,48.15628766703584
0.994430420088499,8.309515885949196
0.5034420191313012,4.702213676135306
-1.7180536106718463,9.620458750223193
2.980038545561552,78.33982985427258
-0.9962306173540763,7.860761913635624
2.951938373083209,76.84221643106103
-1.798417750831256,7.782878588886806
1.597267690740264,19.183625389156248
-1.381227960449991,3.841304664400539
1.8779313682929324,31.55087503498837
2.249465217818032,41.6196223518
-1.193259057516029,-0.12121030515532638
0.6401110609901934,1.6325036066029055
-0.21420708478262362,4.729844021440876
1.299581901808653,13.035603096515903
1.9749064047011018,36.2841651383264
2.244466587116258,41.01546787314892
2.942633848904446,80.53931632027727
-1.946939642536012,10.361952923125925
0.8293637289030498,10.189555696855813
1.707960598427864,21.34824723035103
-1.3102053234827502,4.140087978532533
0.8512622477587168,6.7395564319735906
-0.7383908056276038,-0.7958408117129845
2.6928239121484037,65.01904068628218
-0.3908572922470044,-0.858662224978457
1.7891374654828769,28.249402346721126
1.1150499272219911,14.056387373884084
0.21354238152841232,-0.44030557582648777
1.533636628936749,19.602658251792576
-0.24586527876304265,2.0638353375362626
-1.5097385965813352,4.102591255654753
-1.9987523081253977,9.815614009093885
-0.8209886518032015,2.0350079429849317
1.220277957715869,11.769200684457395
-1.4679022997935407,5.850199627484598
-1.5992234804275767,4.959243562372631
-0.25197796412973794,-0.34341733521016415
1.0459040338945305,8.408585445587171
-1.8606723501763276,8.321564625319857
1.4029817743181257,14.539939788327125
-1.9303411182193224,9.299321715022955
1.8542153163668846,27.265263054399817
-1.8652423461977001,8.120525506453736
1.9558151523149916,30.999301193524172
2.3796118474746404,46.38992080067004
-1.7285431955745005,6.186117990401088
-0.6308651703039345,1.2828946413318079
1.9829066800601165,32.528737201147415
0.031329103659226476,2.00446543400696
-0.611787294402411,1.0498986494265323
-1.8461402509247002,9.360798774020894
1.4918319036229217,21.72916473185067
-0.8053019805558086,5.173498150461111
2.157703095706214,39.97321575646429
-0.21168622923799818,0.05841252391254936
-1.3964910309781975,2.901469029750339
-1.4216575232055966,3.76496349692271
0.6197505466058395,5.4975163078258245
2.991358096347253,76.21972256220049
1.4518896898309634,22.248554707107722
0.04481671334434667,0.8438363862308428
1.9441184313499145,31.992475902618864
-0.6993706692232671,0.8985253520124798
2.5331706634111333,53.34241722604304
2.185590501509653,39.492970122684056
-1.2219562759961038,2.1805858552871
0.7114052203210308,6.46736601993595
0.7838134445791001,3.3118643794754665
0.041009035147269834,-1.962749908344586
-0.8796200492573489,5.081721240702188
1.1704972188363927,13.283128838753434
-0.346854884206818,1.5603728174741498
-0.5470793070697615,0.9400220954011244
0.45186447200984636,0.057286583427321514
-1.1351739471913547,2.0332629069920767
0.23913299689000533,1.21901113027153
-0.8669462926151932,4.061907386071142
-1.2817247241605156,10.799671378072954
0.8983294959577428,11.134085910462327
-0.4355558930943748,2.495163984383235
-0.22062666107340356,-1.4956376351951821
1.2791179844851404,12.310997070767174
-1.570686615124353,8.13815400999172
-0.49099390670361887,1.8119696877261058
2.1439310264626616,39.11105797910592
-0.2726605907695512,2.519062254298081
1.9438455296001922,32.18253677921029
2.5072442300415183,54.42977943886113
-0.0986565748808148,4.620136269800386
-1.9519884454105685,8.001271785264624
1.223725149132139,15.722461926194406
-0.1396103100853452,-0.4530207425555409
1.9677048964080002,35.18795884225159
1.8019589743827584,27.870523358091134
-0.03644543579025261,-1.8523037268768614
-1.9367270001890868,8.251603383296159
0.35477778287966233,0.5646308052412252
0.3667456909719369,3.2658243108966536
-1.1871215432235416,3.1263033360916737
-0.23118793592828846,0.26326631415318724
0.19385644610376485,2.252995439280068
1.5051489829774036,18.614618415635487
-0.563441887151606,1.7164720378365212
-0.31519413344570424,1.462097170816813
1.1598075565563724,9.279396547809107
0.5977144334916851,4.7638114084196985
2.8344899808467057,70.37735158957129
-1.6198830663483959,4.2113232702031045
-0.6513493851161205,2.3903965266087437
-1.4044371240427322,4.404353665887019
0.25353508576081296,0.35504804516315325
0.9008207982740224,8.589333457173431
0.8281995121032892,7.546152677628811
2.4190484126852896,49.774924097848334
2.7062524593500825,62.58614210612417
0.7504433522650489,9.468082297312124
-1.7434404786086786,6.394758383622287
-1.2521135868751787,4.917958559113348
1.5567763421898717,17.22953878600726
-0.7809993516849472,1.6031358761921113
1.6742484729497877,22.03326120155634
0.9597633499005327,7.23062787218733
-1.2692513897432782,5.618125104541319
2.912179126791833,73.39279414045535
2.952647096223007,76.22870810238472
-0.11114210797127466,-0.5637270089916303
1.4680913928513042,20.25245024401078
1.965422962136913,32.59309181001497
0.006278158085592178,-0.8495851575291669
-1.6650313641956553,8.828925054621838
1.396890878285216,16.358677136777295
0.8038954726091365,7.496244713201788
1.8264083054912494,27.247658453800245
0.6336607447946525,9.969951044608568
1.1922283901565378,10.650785941893941
-1.7176795861006289,6.358704367823295
0.4638132944627622,3.7607678422559045
-0.620862360423291,-1.8145642940808542
-1.603394355775181,7.402264988822127
0.026193511686684712,3.4577324671698744
0.8087050613313282,8.566335328658186
-1.7487291258398023,7.003902006269915
2.090251360717211,37.14684906910603
-1.7619768429066012,6.161537329667037
0.9264444475831346,8.561562195585903
1.6123180835182183,25.75789629465617
1.1425833921002244,10.321224309761362
-1.975517540524832,4.329052071177533
-0.18251806527206593,1.2856507883560933
0.8508049471158463,4.204686001969604
2.988819973099707,82.70189996954377
-1.640584661302961,5.828836129989587
-0.3941589564800938,0.5221631862598253
2.8766107033225623,69.18366389243496
2.855780007897354,69.64030959556229
2.9391583892192052,75.96165437700762
-1.03997665398368,0.6485271452501475
2.1244694543386258,35.433363831399575
-1.5266897788777176,6.046687505510745
1.9379712342022555,29.112319154929672
0.0010777804115047473,2.3947565240663082
-1.979143022396388,13.872868296432625
-1.2630623854855731,6.5600010938933515
2.6903026425925445,58.659982622090375
2.0044257466931885,33.081748394493495
2.1408436421895196,34.461694740945546
0.007328942688451967,2.3091037457920978
2.095055056920696,40.07562789445592
-0.5196503188801209,-0.7550206718443204
0.20719049928200306,4.264305139025996
1.2048256588593196,11.882123219529907
-0.45185922856371064,-0.6431239429223614
-1.6603705478777357,5.549799334640968
2.028056950358099,28.830659326713764
-0.304108701096224,1.441048902264721
-1.8953655780536964,8.434149947599058
-0.46606669904414244,2.06188883529778
-0.0015122015956556822,2.4141110409719353
-1.8013144387191136,9.15673374307143
-1.973251104819436,8.913283491876266
-1.6739884617201322,7.3956820113282
2.8047741548778404,65.62995001516961
0.018795229460257357,-0.15782432050682482
-0.08537849519627638,3.916380275550455
1.7805790170840585,29.702755231501428
-0.3093418154616976,0.003989689291570397
2.145282221294588,39.02266999791018
0.8625282454733547,1.8797273949091196
-0.3551698461218171,2.431118344476272
0.7660055368171861,7.81829601735682
2.878980490780254,72.36743583604469
1.7917442483255224,24.582005444322206
-1.2618990988206744,8.087526635376081
2.661326733377945,57.161976209087015
0.566861651284948,3.829704722423625
0.6963537235934547,2.0374295363827266
-1.1777698748575354,2.9960251103240605
2.9402115981911514,74.29874269447727
-0.6257516105579912,-0.8891716889266288
-1.318787069674116,4.29877807936111
0.002222337495358495,2.3599151370507787
1.0307497620025576,7.876892769728319
2.7274839881429234,67.09497056739929
0.5675560847480297,7.780137397454732
-0.5325249097215983,-0.657670373973297
-1.090620339694554,2.9471806858477585
-0.2718810916173269,-2.60411177259586
2.9652183216659047,76.82247402121557
-1.3419220303366346,3.477622526657621
0.49649889471239383,4.556573372053765
0.333949668743434,2.514712885548973
1.871166659560707,30.751138255026657
-1.3141484460201478,1.3581222003026188
-1.1811728696139328,5.000397541936165
-0.6939083537572159,4.500555516840297
1.279273180366848,13.13795532205821
2.5332031021871186,51.580120874570994
-0.649589453176088,1.5594223793532596
-0.2077020356406849,-2.1187495728609367
0.2538563265863143,2.9748071207354716
0.12387784200622276,1.8822882461372012
-0.05931493298799717,0.8153828285809527
-1.3497109541936325,1.241780383134818
1.734429367009799,26.232283400902045
1.5985679025818333,22.760946169544404
1.666564224062724,19.799411551798578
2.1589743328130995,37.45667456527285
2.676661102400904,61.88277104557905
0.834741905071902,9.211086793475037
0.3224320671657477,3.7441529339895303
1.9092397373525967,30.86897512201352
-1.8977304622728879,8.55487929803849
2.0309935839564845,34.43311173310469
1.0753283733152017,7.891653398363525
-1.0222847577577092,2.4012246376664974
1.2909808326255807,13.169907454620539
-1.0937794269877674,4.663026557899125
-0.3089466003499357,-2.4640921763403965
2.0992426122350745,34.10825255563903
1.2671854996210103,11.987794894715403
2.6930297773366485,60.70866489133063
1.9888638594783,33.35765158880556
2.2477459922065712,39.982533912054315
-0.7448947201973026,3.343016740208746
1.8543428859506728,30.613217441171372
-0.12720015807269203,4.053361527660531
2.4808674799414234,52.68469058931743
-0.7172108670339443,2.0395321502619614
2.256874126132268,41.59015328443761
2.2485176364130286,43.88833505906628
1.1798325217882564,12.655607239572943
0.41719776840140055,1.6378189032992805
-1.187628939871944,3.681757552974217
0.8360660995809579,5.558758847808243
0.053113414148379334,6.911536180424812
1.1188281965788844,8.257731269474952
-1.0056065224402493,-0.27282596663930114
-1.4053455717290895,6.339288290662267
-1.5216301459668684,5.873538961845342
-1.5993208395989205,3.969902636214947
2.836182092117938,67.94474731577074
-1.9768327780110377,9.277006808273278
-1.1797435953173494,0.36454386979351483
-1.1082215409330924,0.9600995422165908
0.2588743312951145,-0.7133145689509797
-1.4916187438668702,8.374700938168875
0.5177524270632268,1.0324375310189327
-1.047109889630084,5.238648924593244
0.2097930801790171,2.4247475588618563
-0.7644645671621313,-0.2901868714172826
-1.1311391583342139,0.4246257512980418
-0.5802870254966574,-1.4451187795524916
1.6709941129082075,22.937886379186672
-1.8831397743985738,7.831520614288841
1.7663239162680724,25.368056571332406
-1.6729271991708772,5.91870954030678
-1.3145381199773896,4.163771023006623
1.815883716502583,32.82673472523165
2.185802688469053,38.289761809607505
-0.05020343930894544,-0.45863444981904455
-0.5878607107885752,0.3499091642213722
-1.222406766995363,6.300564812326202
1.7873313600759606,28.207917703185693
-1.2300541021259885,5.62968995667284
2.0130578864998405,33.4649622104149
-1.4684491669613047,6.390602247621731
2.510832016798041,52.06334870664567
-1.5048311776162309,8.391576239558333
1.0984305648921162,8.503803753521172
0.17444057076182906,1.6525860722554953
1.1014356173615774,12.71534342586173
2.8864227455565974,70.66055151820127
2.6580717425337372,61.34393506702262
0.21577323980775054,2.3258630126551343
2.84428992732356,69.52604034158352
1.9904471280896252,35.217520067986946
1.3774379934258865,20.29408611127677
-0.8950990190812611,0.9036579415011492
2.146358237930521,37.90558000305381
-1.6311578356976801,6.215000724208343
-0.7096354326521441,4.105763543944738
-0.7782419846346222,0.5137267463223023
0.005520006508821229,0.9647333468111939
2.8986586035032023,78.54337549302436
1.4836988595229696,17.49151554952893
-1.5134171414190216,4.000765197323028
1.9198426550311694,30.58781542001326
-0.12420286492268717,-2.233593587409663
-1.363061623666099,5.354161550274849
2.5420249626359146,52.11877042450696
-0.2083457536741633,0.2988498125660564
2.739055385584386,62.716872935338664
1.1886436373721678,9.647175684642015
-1.2707240371719108,5.016505276881641
1.4275212051714492,14.107106012902747
2.2133906910474286,40.823678068009066
0.6028157901541356,7.147358819384171
0.8784327105341871,7.903240156026487
1.9021053196259388,30.545710083637047
1.994661628921183,33.09643392996164
1.9674653212153705,33.585799727161124
-0.022949440205755067,-0.8931595581611512
2.039438785393904,31.09759545742291
1.233499238678804,15.32425502134409
-0.9320936222001217,1.1732209580165327
-0.9975240849088962,0.36260378976798524
-0.4997791182056248,-1.2585639091582301
0.3952334509349531,3.647570634365019
-1.9915212245683245,8.051869723529396
1.9753030148337571,33.472431067362045
-1.5148714812771307,5.4798884438990925
2.5475284947036023,53.65449280577711
2.903939596814743,76.67166817614701
0.03717943076128627,-2.6377949010850728
2.1526893260601803,34.63638826097335
1.048267119689505,7.325490967106227
1.9565197308985427,32.80060270227298
2.076767632554086,35.225071503235014
-0.35874296601778255,0.4863553964881555
0.7882572730270327,7.540713118687075
0.9380618599984558,6.075932106016829
-1.518075137609202,6.925236161983521
-1.6497938709549713,10.499858843679176
0.6870933665446417,5.954328588004424
-0.9289995467632006,4.817448419265711
-1.3950046381586583,5.581602360361384
-1.5579933009195401,5.380297306710624
1.9642376023247494,32.034497709641904
0.9010643029946861,11.17375473439104
1.9641746590885245,29.71027204824286
-1.4968907905956041,5.855674335094629
2.066510906023212,31.995762152272956
0.31269839360562157,-1.2955690691373047
2.6995749544747074,61.19082056378605
2.021469662181935,35.312236169187344
0.08438704510224015,0.5802608012838781
1.7033607761705287,26.203343157567478
0.2187340306417358,0.8444304704215642
2.0751676317483847,34.6985236692338
-1.216083260093535,5.634523094460506
-0.5306027373613409,2.0984303610943362
1.0885164127874143,11.831759730269585
1.2924064548494525,16.86940844683174
-0.5765272892505395,-1.4885454742703434
-1.3670661010112488,4.154745458143493
0.22893498276311153,-0.26568174685301527
1.4639783339798442,19.208685228606544
-0.16739712728328793,2.1411752022158943
2.3048778505560428,43.806800328316214
-0.6192273096957794,-0.026504435123891668
0.18384347443128757,1.1651858235065617
1.2244385854482234,10.184146042874685
1.0482903920492115,8.103028424186538
-1.885324913010081,9.342699123007886
-0.3216046494343321,0.8325333883131302
2.2814047630484318,45.08803557704104
2.9523245240080405,75.30250780927022
0.3705710800979949,5.323113452887589
-1.2934414545757642,2.9015702246437405
-1.6589818341576388,11.214713569410804
-0.00825315979449659,-0.32493808905561916
1.5226629715360955,22.690648210127573
1.5539892010671217,22.062923808799688
0.35269941363677404,2.2828639861654247
-0.14403102012965663,0.4415377966381426
-1.667780309609693,6.758606079728042
-1.5585713216749428,5.038807319904646
1.5804350182107862,19.094223476656904
2.7516088307863535,66.10767334601579
2.252096810667945,42.32606982309463
-0.9641228196006251,1.7822918611431682
2.086128777305931,33.119781054624966
1.5197629428933972,18.29662913837957
-0.6625631679827053,-2.1781307902580243
-0.4616066310911975,-1.9317823718976572
-1.3748843941833453,4.808739782485879
-0.5083226459563517,-0.573680803420171
1.2725873460234736,17.177464253502226
0.7550519088031966,4.447013351348989
0.7523452713836423,7.905452916270735
0.7858676809057261,8.492065396970553
0.47614913203831444,3.0386704572889798
1.9666495473562327,33.53370070235701
1.4584645970110044,14.208467523489066
2.0883952692179584,34.14440995442834
-0.3809611399922308,1.9656230553669676
-1.516647386952174,2.0384526403384786
1.345302952520961,19.397076046690593
2.796181076370961,66.80823345909481
2.9211453475989098,74.92441188133621
-1.6034285729636943,8.03171232650196
2.7893286155438703,68.78386780038785
1.505751196439824,18.029421507685406
-1.0265427901078303,1.7021870902085876
0.996667920080855,6.820471329932839
-1.3874203748738727,4.298587634851798
2.62637673845846,58.27889930593282
-0.6275053538820305,0.3984531350079894
0.6543550246262608,6.7953813130411715
-0.23036820643355038,-1.9419581186651198
1.5842005331455677,16.4505503212766
0.3530050197208534,3.4212008192197585
1.3459534538678009,16.557747006339515
1.934738872027228,29.23569664907871
0.5277604867433316,4.309525276582342
-0.6226257863150031,0.6666830334369033
2.119294037613156,37.14698583760172
1.2867789101128149,10.878212482566223
0.5712311349604482,2.7506349947753996
-1.966044994142396,10.152199880187995
0.7569596085961741,4.618419731286348
2.364081607363498,44.67205124884244
-0.5468335950047103,3.6100801268562455
-0.5116115421890437,-0.24508387509729546
-0.6669202086510821,4.281595188201839
2.8362641025240833,65.68140935354417
0.3740868423688539,0.0948921425678555
-1.5770115542647016,7.689944572982051
0.0917168180921859,4.907715508237126
0.7843473060428314,5.795858205756445
2.464067006205454,50.52233103165921
0.9033586995280607,7.2964576569793245
-0.6986259493918539,-3.732043153394093
-1.6759670844562269,5.588239287295377
0.9906321634038644,9.942793198554732
1.8238492710443737,28.10086962965676
-1.6072486413514295,8.353140654576968
0.5001384893291427,0.3598859705160482
-0.15567431577595814,-1.6715083727031563
-1.9647934434375212,10.267979469191916
0.23247832775289812,2.578189847144305
-0.9156694025284833,1.7006377726248059
1.9040291637188114,33.839084557685126
2.3312297214837665,41.50700959817717
-1.1485201263586484,3.101969242561742
-1.211683019633743,2.819773570551529
-1.9434446520574444,7.0442228227852866
-0.2329689149996672,2.4612895280937908
-0.02802163937434976,-0.053167394027884396
2.1157264563973968,38.60240085651423
2.994421032432304,84.58468818482024
1.4502780093799683,18.702070843745087
0.9755316086799386,10.262685423376233
-1.6031340124570364,7.172345417725799
1.1314596415444047,6.244775573664934
2.9751832825023286,79.02341293183298
0.116146788456569,1.8552565534755487
1.571753065923089,21.145160341994394
2.331440659874292,46.06289925124409
0.9761482177548446,9.757904016833685
2.143263766620345,34.14793780914761
1.9179221427871065,28.532889101152946
-0.05481045715893451,0.15302047663926432
0.8441156881541363,7.344865095712181
2.8607955818535427,70.8885557348901
1.981273690413356,32.117825448282666
1.9599661701524544,29.167257827285546
1.3727935170773344,13.102026452214877
1.2947954263417518,14.53453266817995
-1.6149828029689166,7.91057856045796
0.648369432094317,2.1284881414840915
-1.5335005530118988,6.358007955443556
0.5853086240320513,6.152182521262473
-0.29921571374278577,0.5982852037335509
-1.9848460645119586,9.663169601601618
-1.0803415926722097,5.16342501838073
2.0517687912576115,35.47303295654266
-0.7393530468877407,3.378995102152331
0.6705855574287574,5.829410464299857
-1.7161081253669601,7.663375352205896
0.4088681424235774,4.316151117964738
-1.5353549972037017,3.733651084312237
1.7675057859663408,28.966474026323567
-1.9233633091634788,12.466040179246026
-0.5627655069758346,-0.7063665007173097
-1.5480091614508067,5.317928933490276
2.1850262245280136,37.36051596057705
0.8650331229256727,6.370478304394108
2.800701289454892,68.86658947412226
1.6573937559039575,27.425825194907613
0.47918293622937114,3.2163135376565575
-0.49922870702805966,0.5397184116923445
-0.005979201504656473,3.0429756194376094
2.2892708185446313,47.133695918769504
-1.7454216314671478,3.6364950712368347
0.6064754182236309,8.40557170743913
0.4669690040915726,4.897806398228088
2.9360398259898304,75.69031846344731
-1.5965265090915324,8.162364739041355
1.0335166700575473,7.058750173153893
-0.4629287410495695,2.205118817716917
-1.7029186904191722,8.259067250888702
0.712975105552216,6.4240193184645165
-1.508823395387342,8.882003629685613
-0.03939430180956327,-0.8687954524137989
0.5415011307272364,4.5754169731906495
1.057079623664865,8.089631553289706
-1.0305146853122902,5.840524118908105
0.4014593237673507,4.716296438576395
1.8037046827731302,26.190381488722593
2.6136085008373335,61.51775442575749
-1.6292695039310894,9.315874981483255
0.9079246658717679,8.009501744141394
2.699584521454236,63.791960485706966
0.18299506261105947,1.012619476301725
1.3383430922783441,12.853831035682834
2.6154018775273196,57.16967240371584
2.5047384733308284,49.74837559803997
1.1598434866765386,7.828121387796061
0.37644974882293925,2.5543560932822866
2.1972480499486444,38.88593719372072
0.09943697710040844,-1.8116873515111438
1.8514135937854292,30.18866716197603
2.149875189377311,36.80921350077913
0.07103869489473347,-2.749746433950378
0.8840462000345877,4.031777009996708
1.5931299792139182,21.46606083248492
2.661685642170042,62.74066606527372
0.14827683639746514,1.6520784193785607
0.4361016861000371,0.14665906672759643
1.222379125205598,12.883865831521709
-1.9716870013735592,12.433069818256143
2.346643680241778,45.01225482733289
1.4321237360881973,18.387251584164503
1.655701900479765,21.92585847250894
-1.1335539311448233,4.097885499614646
2.9291051958167307,75.36136628600586
-0.5763337348775059,5.235515299202218
2.9384733313590505,77.23745015967665
-1.2578861674674695,6.240616733717665
1.4094620942572607,18.754148769945534
1.727427527568441,24.837303424801995
-1.8017964067764147,9.696877525992111
-1.4912749088558646,6.074340371104938
-1.0672964676001455,8.10174204422734
-1.961088981344125,7.941776077169225
1.542284391034645,16.278483643302582
2.9824352271668557,75.55110211197463
1.975975300361032,35.99540899501594
-1.580209671706816,5.377362702241057
0.3725156414551005,1.1758718193703017
0.9623624473236809,10.5254029850677
1.321340029242088,12.933852584641269
1.333415774746074,16.98128180803298
0.0440219871593861,3.1612548258611195
1.9309220607606021,29.29524577386014
2.723429305411668,59.868071097951365
0.5300788370599037,1.8248212396332038
0.11741074492481207,-0.646108858348549
1.2805394802132612,14.383124360306903
-1.7460868605397493,7.774945354118292
-1.1155425858806511,5.007901081451232
-1.91704740108651,7.923666143002541
-1.137634280020806,3.7802470533178973
-1.5273063072971809,3.8501685418121365
-0.498302884083921,3.6758842277881243
2.565643430874447,56.31999348612875
-0.1059853615063977,0.01619459830091996
0.63054524383602,2.4560911476461067
-0.9280294975088519,2.1883454149284014
0.3345264677674198,-1.561500738346075
2.562866352316898,60.709186379549266
-1.2762866243695967,4.142970402744897
0.6400134692528701,3.7669315573495803
-1.752818654912332,10.265064537577793
-1.695765552484631,7.937748313426458
-0.09795690577854543,1.4425025914639162
-1.3225400035541928,7.685897497791247
2.1940584697864445,40.94767741267715
0.6493317930685798,6.691601456445889
0.9339975256809381,7.662879331463484
-1.238673902210928,2.381706626945989
-1.917022810958584,6.732493000573624
0.967236230527817,8.146168818018168
2.8322584279975818,69.096937809957
-1.646953083946888,5.623198741622248
2.890139684946634,71.46393491235817
-0.5188876610506488,-0.1061763331139336
-1.7827021259714937,9.772250983310146
0.051747057584838,-0.39747737439736164
1.459327969870809,13.975073599283032
-1.9491305613217496,9.883852283573304
-0.13537497169029633,1.9292684092533388
1.7114463516921181,24.870775943669308
1.2585118543817364,13.898239563508634
1.454563995929309,16.53368712925164
-0.5407679668596299,-1.2584406569616529
2.2001024666352196,37.48590660041127
-1.3145608280971275,1.0805713948104985
-0.043989969659375294,1.3839341655688293
1.2102460788169385,12.341836172959983
2.9404722152767206,76.05001200556805
-0.8934279975487218,1.0222746877514999
2.5455732458875637,54.32195192611522
-1.7210077156223385,4.138869493058857
-1.3134186765226101,3.991650461347691
-0.880207161451219,5.00651378344558
0.11920392902581867,-0.8563632015281135
0.9414379434325459,10.92798412952273
0.08614870935460095,-0.572204676292654
-0.2875838902316352,1.7796602844548934
-0.8011312165021582,4.869417964792808
-1.907980359037623,3.955620955675667
1.9912237167049645,35.840714432515384
2.783943035734887,63.98190628725776
1.3302792154800698,14.781293864741547
-0.6370669535620959,3.220455071819316
1.5830245710146302,20.992167518875338
2.011198024323096,36.25365066216102
2.0545453724334655,35.483313282212144
1.6514163052149131,24.819617032899146
1.8258357376840118,30.098564208181568
-1.0817159144735755,4.906434101205886
-1.61490894975491,6.98695178116405
-0.1496428865779369,4.7102703443809535
1.0877774275348857,12.105647074572612
2.1617193208569736,39.270502294226176
-0.04277956965767249,-1.2067968777047766
-0.06070967795623594,0.9680848341882048
-0.92237531252278,2.6290901572847956
-1.8113825706805402,6.09195456571363
1.2124777881833944,11.249281785812888
-0.40067823645807943,-1.865594822536924
1.2809149119127112,10.939014821931782
-0.7822861172863202,0.794162552294035
-1.0049440983117472,3.665053606601788
-1.2375397911833006,2.0341318407980418
2.014880139061275,31.85927126827138
2.8797018035727238,74.87921063193696
-0.47267045097056704,2.5906761332268067
1.3218329523633021,14.295453153694032
-1.8274889770027958,5.5316317630689
1.4848480678595024,20.588901801962606
-1.0453426240048858,5.00975232921285
2.2053634613300597,39.67312522887786
1.409937238605635,15.194985230009586
1.6962724160640397,20.445075111174287
-0.07913461601918903,0.22754869000657862
0.021047652478018097,4.58828002800437
1.0335627469567066,4.302719237920318
2.662833361520268,63.56374034443621
2.8663656525653938,72.38340012252378
-1.2842307327548657,4.0051964993755025
1.0184916443860184,9.190093297118844
2.2401427064761696,39.87950683897813
-1.4675551325160683,7.54116830901368
2.1635002968950623,43.50288976037644
-1.265890233301151,1.9642892787599586
-1.5103136524141512,4.7849370116895775
1.1348968223094342,9.722906899741703
0.22609585684639688,3.174777941898843
-1.718042550054563,6.68747774882416
0.38718909814227764,1.7801171819508241
2.3576496070775192,49.8079978744696
1.7574650746211824,26.77532056209188
1.833428845991853,25.148272362731678
2.194620880900758,40.90571665213913
1.4271409426890758,17.657100519058464
-1.4885957568922308,4.1043227461884015
-0.26916069147318034,2.958495458943821
-0.34775126669294987,-1.4455614387261524
0.6459587914149969,7.642608823581299
-0.2653049204414337,-3.1800339857614404
-0.4618740100403489,0.5641091867224621
0.7403781927662529,6.232146094742224
-0.8148176687884412,-0.5939965648336236
-0.7352471967076428,3.6301412754680062
2.674420257240623,63.348628145546364
-1.2539406964293285,4.444761936689378
2.713761484731026,65.81889349876381
1.9520239096324135,32.55139298964753
2.368345107042913,44.85504728041221
0.9622662528514399,8.580308251028516
-1.215569726920334,6.626768632136475
1.1756137195294727,14.875406286758704
-0.43050099908223816,2.401702118775476
1.9520093338083302,31.47283443675727
-1.6385126492668938,4.123799457192137
0.7396224994438256,3.840499981972811
-0.582713552396225,5.106883786521896
-1.9456121581674617,8.820530537948253
-1.5310133970345339,5.03897799899368
-1.6212846133492076,5.938591641845104
-1.4644609218536457,6.671622494833243
1.7861069724082306,24.479822863407865
-0.96128252917751,3.9246019476447467
0.4158259082547868,3.414268874183634
0.31492457825889186,-0.7539244300264412
-1.8298772361923303,8.88481625511935
0.5039554390437146,2.9321086546833484
-0.43370050121200077,3.01037291948819
-1.4603694405055605,6.706171257080172
2.72500543267034,63.042445806190166
-0.3501392630358118,0.10554795991394716
1.6111382233487408,20.682509167561008
1.4400010997995585,13.306863016113086
-1.745287807302524,7.812684558392761
2.101264466402853,34.02822396753382
1.2579339266898861,14.154875251381565
2.2235390947195377,42.65566964310915
2.201027504975105,40.73770189952316
-0.009568034859887442,-2.777023012390597
-1.449087487491551,4.609137120748767
0.5657397061107634,0.48075142261505954
-1.3058720509448993,3.827975142699187
-1.5851493602342341,6.1619301067888
1.2185176616218265,10.51070454956085
-0.3434198882625643,-1.7011567515161357
-0.9782226473304949,0.8745763503897241
-1.735415024845922,6.839669353149004
2.639448419375092,60.962571149883296
-1.4479604522590659,8.511747562337023
0.5323213773868196,5.3000480240646475
-0.02936417716222106,0.9128064344411423
1.7351986969911333,22.62422513105473
1.6931355714167458,21.48989626788447
1.225403898620855,12.81445009261908
1.1357212254328464,10.198870695950555
-1.63155925180191,7.667787703011072
2.5291852675046727,54.84358139882721
2.9058509512835897,73.17939752733129
2.6996686432104298,65.73734755145017
-0.6477849419916946,0.1555427543889467
-1.6245806635856568,3.0922418641037908
-1.6868319004631838,8.530185649439863
1.2421441657352243,14.26545557088962
1.8820997697341997,27.31880001772289
-1.4053475434285694,6.541248033569124
0.8723940187288215,7.616648515107308
-1.833124361111324,12.406966573451406
0.8104525312919364,5.0058807732133275
-0.09052653919033138,0.6398040491017678
2.224170221695837,43.19838881403018
-0.9417336863723369,2.179573958110174
0.9042774910791094,6.503890671540504
0.49371618958292096,4.517016491576338
2.316883588759973,42.96314856558731
1.7815423419275058,27.411278040773265
2.368740516569728,45.05798189312876
1.3149142705877717,16.216125089583542
1.8790086690092949,29.672064430528103
-0.3515923941176946,-0.8680122743889233
0.24205965352686754,6.136721567059527
1.5528910147327268,21.200672893656076
-0.605160737472981,1.1619999472648912
-1.7355730290519955,9.495393645466617
-0.5805224384994565,1.6937349645763464
0.861141237662737,2.874824963031095
1.35196363240052,15.743916189118863
0.5391263513949531,4.136456428407348
-1.9812009130348196,8.240774467509347
-1.6339496710782357,5.541779658882176
-0.4518664693341483,0.8234780584969246
2.9131953339717374,76.69734877190584
1.0510208667395702,8.734275697187584
0.3896310027326835,2.818344371039956
1.7087999241748348,20.584296127460185
-0.1623658307810576,2.544918226802876
-0.6166819406651252,2.813006362170662
-1.2520525717274649,3.4263034212485675
0.758875430646472,8.994276627140849
-1.5505780410257735,7.957242528234164
2.6363588114530483,58.71308077670545
-0.4976733120533203,-0.021808723953521847
-1.4171254803396287,4.614847356518649
-0.8791814345829474,4.004001077513297
1.460930793934851,17.25706969344761
-0.9611957679469394,3.1523563011130444
0.31244519998131626,2.215969360698377
-0.8559050262837373,3.546891942210463
-1.3689350095635648,5.261163281087526
1.872677543211211,27.676895602760244
-1.0439681695683949,0.13704849128053675
2.8777982406737825,69.43544201621611
0.36668538725316857,4.964004630004752
-0.24685652718277984,-0.18122868280874826
-1.3499594387571616,5.5176312834901
0.38673641548136395,0.285174083681099
1.9164961656774837,31.249868842103155
-1.2286796555938029,2.222226876383339
2.8356017415021046,67.70150082939321
2.307667181648636,40.94109240807833
1.7039546558541914,20.296535929507577
0.8512911634609885,7.960772351709339
2.8929196729165385,68.18318836417697
-0.6689442408793145,4.263570077035393
-1.7290027742369134,6.4160314847400315
2.1344661973775763,38.67454672456498
1.016383858738363,10.282674247040454
0.48889269344482855,3.479974509103945
-0.9916250461907143,2.8761363982909347
-1.2952443561211444,6.558664876852218
0.08858569839583197,2.2633947692914322
1.9824417562670655,32.21422955169386
2.437024284565478,48.671532514276464
0.5591727100068349,1.6057472786860512
-0.6767938854556281,2.3913603868737847
1.3860691366350535,14.079792020489796
-1.9128118228398758,9.690491619985039
0.5960749888779073,2.917240781815048
0.8442066412872089,6.881797112050235
-0.7542956117161013,-0.6116780797993382
1.7824138083798697,26.744929529496947
-0.4396032587482388,2.173443848059347
2.0917919284111193,36.33167468067134
2.524201481210179,54.22020558549978
-0.3148269893872939,2.1471929702166936
2.5312143254658084,53.729438106503615
-1.0168763958438096,1.3213930439323354
1.591291834216353,20.987136058105662
0.5689762360036634,1.9449972811853362
-1.624328733626208,9.287844386387134
2.145464931376371,35.49020916480568
-1.568530344570216,5.596092172355063
2.999936578475845,77.99096698003711
-1.7854738048847112,9.256700275531587
0.8298931073794824,3.156074238461844
-1.4393938994525355,7.449541061169407
-0.6852662388732638,-0.8374798147070206
-1.587902385298321,5.587079631008866
-1.119553335900676,3.6786074985026938
-1.5368852933241492,5.8812355358214745
0.3215316484636017,-3.856872429734352
-1.0786467669180027,5.26367812425204
2.9722257637763665,79.7819650838956
-1.9771440655393906,10.311038292454056
2.3748862927633514,47.97431898348874
0.13805672485637155,0.7836740625082578
0.09355901877410577,2.218129296487002
1.8125701092594175,26.147889721602958
1.4964095643086774,16.24137953979963
1.2748068479073829,15.063066922168618
1.157739707836683,10.531773181294973
-1.1120561391633703,5.082815166912724
-0.7709524229382989,1.5603640998500985
-1.0514073035736098,0.15838667772020898
0.5557766647641467,0.328072955772158
1.6422837926736347,20.23934890600962
0.8471359793426783,2.75142428896487
2.839367383867766,70.65654629613961
1.9696920205342492,27.092377911973593
-0.2333768270996015,-0.24406160782995057
-0.5821070922560745,2.75440411497208
2.484515664772455,57.60803707499752
-1.789144236163247,10.379206934782811
0.37148624957593857,2.2511948083549163
2.0622533455436605,38.088681298301495
-1.802249242469527,5.834867940013739
-0.5241983348012056,-1.8978930101947207
0.6902055491599381,6.587292534172883
2.797701386301304,66.34611829855608
1.719770897647598,25.38117807997343
-0.605795383124033,-1.875640063770292
-1.1358132341667209,4.222943757289129
0.5272032852030923,2.600715224393114
-1.4569511879738732,6.138032834941414
0.605430997947555,6.381605686092659
1.4269520188097506,17.41830658498982
-1.0690077918279428,5.3965466944937965
2.517541967618781,53.308729705751226
-1.7850490155077186,7.4195053081908044
2.0885308671182274,40.15284708497142
0.8995858648398314,4.944974582632027
0.44399556312456223,3.698498441335544
2.6301931397920484,58.309807543072466
0.5579467148221586,6.596374498224018
-1.874414089157586,4.60704410931935
0.1178067151335429,3.4261721047671614
1.2182813248099578,14.914038246050442
-1.9273203507058412,10.04486105091627
0.5287980903272462,4.96414430333207
0.5571969479525798,3.0547485287195006
-1.4100562247349417,4.753556449034997
-1.3673311651804965,0.8268897113009599
0.39491663091249185,1.223356334738903
1.227517220657854,14.03378803953572
-1.7283207972490704,7.790563843798974
-0.5693330933299661,5.936420248849535
2.8114862967536993,69.95923420362256
-1.1918448588903012,3.1009075248952804
0.2369605572262068,1.5825816375426214
2.5920421760259975,56.4255261231531
-1.5078097154926349,4.302451981172248
2.571745246866964,58.08998480468182
2.701684664679126,62.834965774265235
-0.2595580168037279,0.9173348133958079
1.200137034612255,10.48971538794071
-0.6805958543535178,6.1011446667246725
-0.6393845947943411,1.543849709904008
1.1560088470497165,10.801157799501823
-1.7124243609252754,8.259873407446117
-0.5388007921220472,2.0844978207978304
1.2287286824264063,13.280255529240117
1.8255530311208457,27.785058868744937
-1.7101985244232463,8.900966291751095
1.2031967829683534,9.246894438259726
2.9063457576545524,73.5060287318327
0.14624024089344356,0.24752780983476352
-0.643393200285618,6.5608767543416455
-0.10574786385617596,1.0764612616911289
2.355379252105319,48.36419166941963
-1.3001827038060463,6.525980532846693
2.040879722449012,35.857672885839996
-0.4211965903012054,0.3171214417814605
-1.188889079013471,6.1875914564902885
2.2743145215624416,43.50912562207965
0.003569900337343057,0.5271388642617971
0.06864698605516484,2.5197469013668297
0.8679879111193731,5.25428909119611
-0.46490441000604843,4.850780568850995
2.926482844408163,77.64382514708474
2.2866448821424195,44.746434804180524
0.44761850465325637,2.0681614110266673
0.17559846712481253,1.2820107103672456
1.2687787674259616,12.219353039750025
-1.613505186500066,3.9018094868943485
-1.6788288720487987,6.685682115251138
-1.6219903266746054,9.31404382166746
-1.5508321768367654,7.021105426532626
-1.2219172654939152,5.66220171993834
1.3695536562865822,13.250147378467023
2.6024266183119478,59.96343174726094
1.5634045000401837,17.921724828078684
-1.3976855240117945,4.668166484693611
-0.2227324716773187,1.1976541831994125
1.2871662556829517,16.34827530716026
0.1181230080443707,2.0800080368649967
1.40019499222949,15.116244156593206
-1.193282090119577,-0.32972493257508084
-1.1511464194104097,7.362437505837132
-0.38363849964639707,-1.2664681746821274
2.657310618121665,61.66784030664086
2.8022972261625263,70.8281906086853
0.8773167096195493,6.7716351772431524
1.943409523051471,32.392663167753334
2.078050742739756,36.78682970979856
-0.37354699896308063,1.239071088611967
1.1474353754503754,11.568766243070892
1.9899799227838262,35.87565211704718
1.488085206867491,19.715387592111394
-0.22146157584936255,1.4284785593835159
1.2318577800347308,13.700517100067293
1.7987450777118763,27.889905937841846
1.9217755525418574,28.141903866035285
0.5705994704662594,2.746558773531666
-1.7533853118683718,7.314682852803813
-1.2059873939405796,1.1241981560494323
2.558620360097451,52.989235517828725
1.4334407538763663,16.015524035033273
1.8855980313883505,29.318038190746012
-1.965690420882673,6.744594546208342
2.2257966994327587,41.63098080050523
-1.634536403740734,4.1471280869812155
-1.3632307175446339,4.021722946098053
0.6497934137316834,4.345037647320682
2.773356825848219,64.12942765756549
-0.6997311897524892,0.5299759104617499
-0.7517956311532541,0.3813258244887754
2.3021617566001016,45.40492781240304
-0.6714699892615033,0.36916573874845815
0.061054010851370855,-0.3228400668924776
2.8564505333315093,70.37403995965818
2.7196773514183796,62.216140117182434
2.15299533343251,39.78563714344392
-1.5422306882332748,5.607642690480602
-1.3102765022116096,2.0100364657536196
1.0933877385657347,9.206247963033354
0.8476983375783687,7.131220866651691
-0.9986129957884475,4.152218832835189
1.9964284815362467,32.84562093379566
-1.47853569721341,1.9326143856146443
1.9452256036695887,28.10139137545316
-0.711549150253763,4.885810283233077
1.359498462034563,14.25127349083656
0.37286049439341085,5.806135405159031
2.1441965174987114,38.231112864792415
-0.8845871999583237,4.046095159576115
-1.5000622892529818,9.334378815010375
-1.3834900740399725,5.076435018665388
1.0770933045612625,10.617627780310343
0.5515954067634357,2.872357249851162
0.43241567709439677,-2.5386552245774716
1.850552884158036,30.78070061210036
1.2115428606718561,10.152056576294891
0.6494192651144117,4.044693389131647
2.1959083194568754,42.124394815460924
-0.783276162664853,0.7405119798381099
1.5502115109337744,22.109410020327168
2.2207078773188575,40.54748899240116
-1.8966376235398046,8.622505730800155
2.5687484728654146,57.3264633974921
-1.0372778962420797,3.808420674933033
0.14858061809197531,2.854667128565127
1.874715268279597,30.496517129219527
2.846817721689865,70.3483850841489
-1.0394643418158132,-1.2736450799701267
2.9156148760109195,68.49902510215611
1.1550773576179365,13.967509555537001
-0.3514576935499596,0.5247307270206316
0.646502425477169,7.197440190244861
-1.0291515886566376,2.619669130568881
-1.7244332511404967,6.370718769457355
1.6862982594144613,22.308468488279427
-1.729357202160203,9.593761984874668
1.4240378036467307,15.471537468602733
1.261598607851313,15.32492767727114
2.9958273418092425,77.19288973719232
1.8053635658195901,28.496718218614628
-0.4483891215353317,-2.3666079707717675
0.3015475743429983,3.9723660553087523
0.4792971595496507,2.56837726151326
-1.8210250066009959,4.781110450675261
-1.8794025667919683,10.320245466209084
2.081176379553881,33.37038359963603
0.7670324186769477,4.96736512487498
1.4714245198114142,14.479521796506338
1.8558129592569976,29.803028418885752
2.6753678076730623,61.205566080946085
2.4009918732020834,45.88859866625389
2.9534258611391744,73.32632372694428
-0.2605264707180286,-0.174223383400941
0.883982424133368,7.460758751729176
1.5675058727344515,20.807314783860154
-0.3621965556716815,2.9167628015538183
1.0320411649272279,14.490724839412154
-1.2837680133505014,3.456812100886904
-0.6726102737241717,-0.8833417677096507
2.7295588797357677,64.99819239283772
2.721711388376118,62.263453516850134
1.3764821120234845,10.759796972439704
-1.7248572478579316,8.937069174891151
-1.5424796216569603,5.259723486779505
-1.9776309423624765,9.996463138177848
2.7127222767831167,59.96980705260883
1.0496871149463614,9.766173225486583
2.3199307032066585,47.08238540707816
2.1709388410530295,40.81360457201322
2.137105717476971,37.07271228619822
1.3053939263086236,10.418461705835597
2.3674531713317606,49.284285344557546
-1.6190325619103612,4.136965710576204
1.6359374290227606,23.45719532537982
2.174233057029956,40.892063882653375
-1.2902352665385206,6.708753407923453
-0.8337400610145318,3.0646788376963503
-0.5953892532329956,5.089235609463103
0.6989174324658034,5.927385225880925
2.373211284327267,46.69359840218759
-1.9566569087621941,12.432152367518562
2.249828598003231,41.10923058019562
2.2799408776057293,44.37260451973345
1.4593464969378136,16.41077304967618
0.19576405502626804,2.8488863893818994
1.2003931752037325,11.89982233736678
-1.623801015901542,5.662165895713344
-0.2680295089193856,-1.0996875071191954
-1.1395507004238552,4.942585012656009
-0.20140223183660266,2.0565333144154785
1.9421460721742774,31.414929522649434
2.095521535990387,36.036869424665
0.06792745072973094,0.5534567765799902
-1.254300617492156,5.528929284961351
1.0488541560081095,12.515134494887242
1.8730483571570975,28.886806621358296
-0.2835524781293046,-0.8887754601500635
-0.493276804812403,0.78262481148175
0.9088945827658645,9.06503788516397
1.3529130529119273,16.194189730972866
-0.9650585340206634,3.1862158738379307
2.78076598006586,65.30837723832155
0.060435660010242476,-1.8808528858264262
0.08646396438050541,0.221579191601862
2.216748036981194,41.353118685006116
2.2648130118620564,42.19890437645309
0.3946513905215454,0.4656544145237298
1.6788568327234628,27.104225295161495
-1.48251240262858,7.73797957328646
1.1737627444784855,8.390280038158245
0.0572026452399923,-0.4903798440753824
-1.280603091427066,3.4972548146452493
-1.6331838391683133,6.663592818488345
2.1360661724244308,36.1068256194095
-0.29830869244097924,0.3179148246702308
1.5130980540618202,16.532671584252842
2.742204131633433,68.11747248364162
-0.6658846673821466,1.091782743403039
0.5189448299040502,-0.13004756196164546
0.12650134944011882,4.009411400909254
2.4277102704950266,50.36654187579058
-1.458426407481333,3.354347865737033
0.8587333253809879,6.9553658533738565
-1.1337923242729953,4.94279744585865
2.2255008428897414,40.50631371036638
0.9811305063976818,7.330349142093543
2.1795189514387534,40.324628611149876
1.0066364923901894,11.093886485159679
-0.28947657905304514,-3.3660210468713903
2.7936295652067447,65.47639417552091
0.015905113725704023,6.163586107915472
-1.332128747059787,4.499221037719095
1.1593397190961707,12.35288427302531
0.6869371959298141,4.799653732429826
-0.9740766956758984,3.234899589518761
1.9661264370477545,33.4926152573313
-1.6976212851196846,7.460674145696763
2.6513485200712577,62.563347393992046
1.048750950319289,9.321386892530407
2.0369911503123044,31.4743573753547
1.4128176072402905,13.79340552332565
-0.011454731131891105,0.518995784345258
2.4566310329732186,50.35980547353307
2.149421293103691,40.361031204275264
-0.9504161796476507,0.6446866447060415
2.1715439025689784,37.48552606910891
1.2818586986977474,12.614735707584298
2.6703843867303387,59.23173379172964
2.4897498729044365,52.849343440847825
-0.8943058696565946,1.6726204306782062
2.05759726800539,35.069820176956874
2.175637986801883,37.307892180535596
1.1646769055897868,11.369862438957911
2.6268665846895454,59.97267072767018
2.4239429476865784,49.12632256415377
-0.9928962983985095,2.396465049135237
-1.7565193261319632,10.21388888993387
0.686159461533006,4.0364947628569805
-1.7243198964524686,6.5851716240506875
1.534821009711151,22.92609314729463
-0.07562426391062393,0.9154030110479949
1.457444325391494,17.966132876808793
-1.047091237974922,2.6522670087933404
2.374759163823346,51.399436178991415
1.8019357177719275,27.889977140899635
-0.7797265301068377,1.7762631866416005
2.8133855086069595,69.1058047283925
2.372865216969025,47.659267465783714
-1.1708667036519382,0.18904272489091367
2.4291337782535782,49.96716025343892
-0.6498349064312312,3.8145913440712578
-1.671598305319391,10.49950500932125
-1.871819226459115,7.639729307191223
-0.28135080616174735,2.190280962463789
2.8874501993712665,74.21594010208236
0.8977063072759575,9.460198348655897
0.4768147027143561,0.5175368531593776
1.1569470642263502,11.381923509662117
1.6388820787077347,21.611851104304446
0.715881057642874,8.048391035767471
2.7552930659711707,61.638588922812566
2.594746876903386,58.99542059977637
1.5562107741568365,20.201147761939254
2.689336397348261,63.50615423383461
0.2779480809995367,-0.11868666393672989
2.9888536971450907,82.22001245175541
-0.5277191052692713,1.8465206755219754
-0.1202091377423169,-1.2651342663516938
2.7226389671435847,64.57144779975246
-1.6948837114044972,5.276250675316413
0.6460301028062312,6.3815525255413466
0.3868097352776201,2.5866073788169026
2.6897978973370504,63.953972629170494
-1.5434613889502329,6.998987570072243
-0.5580892565615174,3.896834416096857
-1.7572115459736213,8.60490653009808
1.6665070040994414,23.249066200988217
1.2219001150239688,14.99573906956423
-1.7448784608300787,5.806607424120818
-1.5151663312866541,2.2903687303582076
-0.8109968888807566,1.4402663745921598
1.9627347719093797,28.788223977490624
1.0471156695928565,9.871521771333223
-0.7577734484436809,2.4294189550425567
0.13320116208856314,1.6014181484188457
1.917281797956071,30.827561833633503
1.6827741420715805,22.438876838402543
1.5708489278126616,21.072893679683048
1.1182564315328412,9.381598891577609
2.864570316802598,71.411056517402
2.8028605463265803,70.04438608119246
1.504899632246941,19.303259813554458
0.21209614660338838,2.7211525358659063
-0.054502293475090946,1.2525377961123043
0.48950500993034307,0.9384138705969409
1.6515983995125447,18.208714759604646
-1.2430704666485823,3.7477067823040375
1.0532592423627003,10.104264981507104
2.4692396868500186,48.550324743204385
-1.9148657841975285,7.787723498835941
1.839674943144105,27.34437843149808
-1.7860475328789436,10.237607040103331
2.1133108929185394,40.107019820419836
-1.5292490322528633,5.101859145181546
0.2534027232988638,-1.010757298382122
2.1174012151363266,38.794835359041734
2.1278234667891134,40.9264072691357
2.473662696710834,56.569796893764156
-1.656208379978915,6.360704934210714
-0.7677462657217042,-0.3136767150940267
2.677063104534965,60.267748787360546
1.7524324328426575,27.042712807735754
1.9466656427002396,30.224931774145112
1.276044149479179,17.617525466274703
-1.301220158085285,6.055352086297914
-1.1947587708846523,2.112287878181138
-1.80039516959246,4.990371918585154
0.13604476003651067,2.253727419027001
1.186563294110937,11.627788944420725
-0.6045500800029528,0.6548558639711946
1.3136184058550682,13.52582006769028
0.8539555351382999,6.043202262238215
0.925227489379838,8.347680447016055
1.6734348268680446,18.614681569469177
-0.45376304143309953,0.7496106125594101
0.0909249830093719,1.5511000773665309
-0.05837404590782791,0.26305808835951805
1.2688317220905465,12.988926608588867
1.4009791284461697,15.676259021715762
-1.3090098625394735,8.368569666359331
2.792358823195416,67.31894040033067
1.176885116115849,12.847191233506372
0.9691403400693845,8.721037149334535
0.10374271110975641,-0.6383699486433942
1.8461784688501295,31.131020592063667
-0.9484856952601688,3.155850441539815
-1.8347268796791316,8.628313038911456
0.9222790504011735,4.841272111556773
1.1177634815587867,8.720276706363972
1.4853199644958504,16.321544855615905
1.0052543277998374,9.114508126032868
0.5760069332101523,2.463413688885226
-1.7747706640280962,8.539171533927393
-0.4872623602798103,0.2111081467706164
0.24585491680021754,4.853693563606217
2.6128338890978,58.34862876331088
-1.2502866028797415,5.741871986160917
2.408953567591733,48.300575894363426
-0.3572179815884411,2.277756012061255
1.1984414519595643,12.730387633420227
1.6926057740360103,22.19002869603326
1.6102705114263918,19.55977999705647
1.1816224345116324,13.926097573843334
2.6568550567541784,61.76499367158851
2.2301846498883595,42.103151172848065
0.029308151526815873,-1.2147950780073182
-1.5417654448068956,5.362676082600296
0.7244773348246474,7.17189260435976
2.808423027692468,71.5673442564001
1.3505465721437866,16.043505857879573
-1.930219785582356,10.495954124193316
1.1016147237392886,7.499492411650538
1.2018922439672899,8.207599348102452
1.1904562175033515,10.632197134554044
1.9211495477633838,29.03253302769473
-1.7248010467795054,11.10498326133369
1.9013132768936947,29.20399177316013
-0.6860824072222602,2.5014053801087925
-1.5062548308779538,6.345270830071374
-1.5388816774303504,6.3916105206568234
1.871730857844664,28.16557933778789
2.491834495042945,50.006835674675095
1.1253122762424566,11.514831195522797
1.9284332275502138,29.166769264612405
0.2910661941621475,1.981252627684204
-1.9992009375966333,10.136800382591012
-0.0737724594392446,-0.537348392161443
-1.418495743162243,5.838192121203146
-1.4669298180383687,5.311288683117601
2.7143884746665137,64.83816510606502
1.1946199277226945,13.161906542305095
0.30922450867155904,0.341865796988051
0.4133714885625883,3.9351035597752038
0.5703324598673536,4.201704573943506
-0.11374826493835077,1.1512875486928402
0.24657253589821027,-1.3144951164301668
-1.3167268962010024,6.979222750350386
-1.3914072918509457,8.727771429785395
1.2846018964174277,17.231416067928595
1.5117248928024543,17.63315268350855
2.443674200631274,50.494330015057336
1.8162295353161806,29.82169057696878
-0.900462834850682,2.3811480491404926
-1.185362986274686,6.662923701463088
-0.9165438432426618,1.7925859546174354
0.23445694712425214,0.13930316593963088
0.8808920112580552,8.36854837954454
1.244834063541591,15.284631496129496
-0.5714602821510737,6.155454283847867
-1.5853266265634325,5.6940776389684995
0.5693566718463421,3.441947266163212
1.755519491398101,25.797780104406524
2.4770816298777083,46.75748577979138
2.3571985824175616,50.189568306758076
1.9393027828834786,27.830059894387574
0.03320913236797818,1.6184508696562974
-1.1225435003765465,4.129921945390512
1.2615069166611592,12.930036040632116
2.0040699680464114,32.593804171613506
2.191418075656326,39.271938760179985
1.256407408980066,14.344589696134326
1.4723217434990539,19.00297897943893
-0.0019229978752632881,3.6334924614136215
2.4261381589561974,49.734219189756345
2.3273395874028555,45.471817211079085
2.8385066160363213,69.29247938662635
1.4630734743315719,18.730561420536596
2.797929713572217,63.81122244610955
-1.8013612471221934,9.5115548553666
2.231038450055311,44.38466273053309
-0.5961141634355975,1.37071126118644
-0.20751171637470356,-2.9706845163865014
2.825573318957038,68.19702459869659
1.874419862640389,29.423718040775245
2.5112731961405306,54.654577835196115
2.3841958693695817,45.854934255762984
-1.4611300347258498,3.4158783439899976
1.559558296553027,18.926225617811678
-1.0583847389302785,0.3692981647621538
0.30740876089090996,5.136577405555835
-1.7680138374830272,3.302380188863885
-1.651891478124734,4.436869476284355
0.28979221324946103,-0.30830421022009036
-0.6843387189223837,0.6500649901517632
2.159198870050485,36.91558566950874
1.9609694666793223,29.773675688113574
-0.17749895589833287,-2.2111913269024783
-1.4755704517422852,6.026350397429334
-1.4336800254005388,3.496848266525083
0.5848930004261583,4.939541064548946
1.382433508997147,15.766161314786462
-0.238364685697257,1.1252657156438568
1.1525731231579952,10.146216560225884
-0.12585298987975158,0.3703451597805223
2.068444926075264,34.02932870502577
-1.2197150498982179,1.1163625711124188
1.0757816178019155,13.418885290683969
-1.796919753298348,6.3673984795456695
1.8274507630072439,24.54656099507993
0.2096152529304085,2.926058981498683
1.7186091915861077,20.569550803568312
1.4038411486694118,20.00081718539911
2.1567244044860345,37.525479465910124
1.0319570535900264,6.447327488750322
-1.47739669700933,2.7578957088708647
-0.9480152163243998,2.44162172992513
-1.1826036055679654,3.959446989765268
2.7398027467683264,64.72414822974719
2.5896170920020616,57.52499179987948
-0.5020664006570512,-0.7863669967734719
1.3540867114342339,16.015863564003936
1.167546523755751,11.840669085577732
0.31717999867750457,-0.5170896248321579
1.293775903046594,14.466035878552887
-0.8350453864066625,1.667401046906389
1.5337906728697983,15.894074515923565
-1.2393554344432172,5.352949609379001
1.1311059918035378,13.549403040763362
2.4353893435870226,49.11724582398566
2.687043252981546,57.22838330183784
-1.847440208997686,6.57276120028381
0.3937745365371379,4.01095275992273
0.7071897883305867,2.725248120760121
2.7603344339861726,63.54478318380636
2.7432052318346862,62.56940048629546
-0.19099399719633592,0.38175424211533115
0.8780106503024916,6.037584558627421
1.0502420715697336,13.810598035075138
1.2373813497593282,15.379935209844545
-1.710990889394413,7.423751474604426
-1.0152245282700378,6.96078116238705
0.3213501215731336,0.5437029363191221
0.5787825964961075,2.6001340274067255
2.077393113438835,35.026334310937024
0.030538149422747463,-0.508002213711934
-0.39550887335861873,-0.33643530535104793
-1.2295501918826202,7.319595135850635
-1.2196304658374417,7.262122019155336
-1.896210952202652,7.546606748157419
-1.9975594207335,8.180393689012933
2.1566991906811097,37.88690339627641
1.9339819225068706,33.181571904009985
1.7674862203477746,25.11368199083933
1.733880703680335,26.573435995088595
-0.5676642898760784,0.27410280396749664
0.8957590114604788,4.456685921505176
2.9147478868741645,74.84251246342838
2.5464248023703764,54.878103726821315
0.8381317886677904,8.223519798979702
-1.756131608143539,3.492563284810881
1.5274167619186807,20.344179986439396
-0.9117326651011903,5.046279416621175
1.1104466702079945,7.003067453913383
-1.0037181103929713,2.6985318531949103
-1.1194024791271866,4.422772984790267
0.9491821639024778,9.104532761468985
-1.2942782632362986,3.047680044834703
2.489560750136124,53.82782132059449
-0.16256974182686124,1.2582221918386833
-1.750278158719465,5.671122687566534
1.7816458731954992,23.3588395091895
1.2751982988400248,16.01345672022026
2.57709400782558,58.02359688851703
-1.2145293229149283,5.709923960406292
1.9692461322171582,31.922409584239514
-0.4893415762173996,1.1139578950844875
-0.968787589235403,1.607018679862388
0.823961401358281,8.149850689551128
0.2016132245291753,0.9458858420369526
1.7326130302940075,25.284648518062838
1.1792623615458009,13.131778352435944
1.2065805164837387,13.895089734776647
-1.7413483827518377,8.156756444802923
-0.006187134852061238,0.9449718843898991
1.8257326398991065,24.070150466019935
-0.5892168761598913,-2.0554929930401737
1.3651626495646974,14.457959585132842
-1.5949560308481656,9.17256770332035
2.4752049215864345,48.06627974460348
-1.741863853229345,6.81543710549389
0.7077372321720206,5.268211496469158
-1.9882793904821106,8.495494789076153
2.291686390318091,45.08072055396611
2.315006516269877,47.80969642495541
0.32653999649257104,-1.4400015172207867
-1.7821047411331192,6.579474099392428
-1.727743370844248,7.893797626902552
2.156771555797379,41.31310434401513
2.4940175119767085,50.24524320828542
-0.3660206252971454,-0.10063016460143592
0.5570028531337154,1.3739291513856102
-0.4615371928445582,1.373086780844347
-1.705680800532055,7.5341152108059415
-0.24880793110129895,1.610991966946867
0.9544589645579129,8.839215956446829
1.1016408867734766,9.179533427755416
2.3643241874031986,49.101509901713804
-1.2740621528029987,4.028208836209727
1.5870252836988827,21.169057056273687
0.7783938674674289,4.999028120809016
0.9905452172670337,6.616041692116585
0.5777581535523044,2.180831936552513
-1.1571797550032756,2.3666039136753234
1.5388713262732656,20.323777656698905
0.7252548574803259,5.293527668874193
1.295944778260087,11.569067409886546
-0.38035369840299627,-0.10573057861254476
-0.16622149395052999,3.6174408404773333
1.0613005982222186,11.971604114822524
2.1417592666957646,37.726837772303206
1.3692101891099653,16.622042924338146
-0.81955926297828,2.9099926429673166
1.5839545199487466,22.230053110694826
2.7380743780184655,62.576281276848974
1.8618361483423143,29.247736693458638
-1.5509157806403606,5.530724884708623
1.908941513253855,29.471572027526076
-0.4877569615353532,2.3999144257445413
-1.3813715671137738,2.1687585240664586
-1.724183850281315,6.605035399613182
-0.5329383806655219,0.933946251029526
-0.9459648946528114,5.278545111552198
1.6233822674621723,20.061616718622705
-1.1055383774702092,1.6076768823936303
-0.6892244125027851,2.2712123222469858
2.1237067546235195,35.43989547624555
-0.6253954484735218,-1.3722728546212173
2.683660607918383,63.44218225999275
-0.5731481017194118,3.1200467493761272
1.3023180666749976,14.573673264546763
-1.8874498887744322,10.60358984494454
-0.5148989232229115,-0.7291799145524909
2.242198175778819,43.03707487071731
-1.9915286890974997,8.942256193568708
1.9542780980148367,28.581147179067
2.1490868036448427,37.8946967237696
-1.4485081623235267,6.2602946472973136
-1.2787398917058739,9.09896068991975
1.9842851517809845,32.97750122553801
-1.467651720883004,5.8609823351880275
1.4105369450218195,14.812214958139949
2.8412689955303883,71.91739297025556
2.3704620750312015,44.419814143688754
-1.9853088936353507,9.802452989862882
-1.372365447148221,5.769736511669945
-0.3346433970119711,1.7102525994014801
2.9302541979738512,74.73873310986589
0.6893076295545959,6.136205732662562
2.6253008455089493,59.61335421836174
-0.5786789496433387,8.27072519131067
0.09067480463254851,0.9018545403240342
-1.8292267744597854,7.051011060883165
2.556910385196737,54.69226487770969
1.9140552910042858,31.88581917838486
2.334741780595026,45.00313471217712
-0.7403443827441318,1.3362424704244187
-0.22978206027874482,-0.6253953573114088
1.2520104894010844,14.0100745219202
2.856979945121057,73.46387639142031
-1.1818950903661478,4.554846870196785
2.17271427652139,36.09657850086506
-0.1273070480150107,-1.2909192019003592
2.101082615341463,35.91120164042896
-0.600408536363024,3.1014955937472495
1.7765271487527006,27.61137871454688
2.4513350006360355,54.562746149601544
2.004112582465164,32.70290114620056
1.2012832051627886,10.83017346933951
1.3994636023486295,15.341427025962668
2.103716628549188,35.04527873064573
1.3305147897313296,15.487285407214483
2.3296663247753218,41.75260426916863
-0.5044211734625963,3.03224416326702
-1.6513207940145036,9.185577460376772
2.218824865777771,42.38058343999826
-1.4980518116805364,9.073599529189734
-1.4699011154297486,4.446432234673017
1.0671900467019055,10.284792506941752
-1.0153996155336813,2.881709181369978
-1.5282218099348581,4.5467033203415905
0.4815501001300353,5.889514535742259
-1.889404111618862,5.544223529337857
1.5739020304036813,24.171340671642607
1.5936621146920213,21.106906478792688
-0.23631397321498326,1.4028671922577334
-1.793862995543361,5.327793246727369
-0.3638955854667669,0.5864331830541211
2.4191070717743166,49.79129529064022
2.962722857790543,78.44631801002495
-1.0608624089988226,2.830669276773211
-1.140606856559566,3.095578022698951
2.285119257483611,44.807317374396106
0.17229518038256764,2.4724735439836127
-0.8373150378103116,2.733819749307803
2.819258206849831,67.09670477375317
2.458541336411554,50.36898214375442
-1.7390315204973592,6.581978565733145
-1.3164322434915898,6.115210661067875
-0.664840871291029,0.12321254857976638
-0.004518227693395271,-4.833849513293548
-1.2719838180168441,4.670653285369722
0.3354917648307918,0.5556029544561945
-0.7303103627697549,0.5966448696149809
0.7211046339738374,5.490504569667609
-1.644709322328786,3.4256393937617577
-1.9747588328645747,6.668109362969119
0.3049461266395417,-1.5524814572810048
2.499724024035128,52.77183704141084
2.1647682376973725,37.8344188658368
1.7484583378131524,22.89725186204319
-0.4431908702073144,2.2494802816507087
0.11200572518153695,6.231491201294893
1.1316147068884788,9.94227991171105
2.1383306097730035,40.519651261145455
0.3478523135579872,1.7746389360960166
-1.9198315187702135,6.182546776499655
0.8311371684506508,9.905140835565993
0.12422453353493346,-1.9742860030679923
2.391843251908422,46.4391860390543
1.785190965078724,27.954287443293744
0.42763075782318305,-0.5564145649905745
0.517335342797205,2.152467328494142
2.285630066186635,43.32565403760428
2.557410137237879,55.8771224017357
1.084891389759342,10.779857624435817
-1.273296203912063,4.084438070423419
0.028410619452096775,1.4628582413847018
-1.5507153853515354,8.662743802131981
0.6541631821623235,6.372763559590877
1.516953637530118,20.855619858448932
-1.2981927757208205,2.365549613792524
1.3898162737827024,18.30389745635077
-0.23707764289153976,-2.5952515470199566
0.2747621215864071,-0.5913891766805723
2.1594008426347697,38.474047461591525
2.494117191568102,49.32450004129836
0.7129518440168869,7.480409618623588
-1.6091626707541034,7.264898345578061
-1.9334309472210718,11.334992611192035
0.4606949715383051,6.584391116427231
0.8407496213129058,7.23893900409085
1.9959686181943765,30.10193260324071
-0.3861799004299358,0.9754541952807908
-1.6747817723212959,9.2160001114284
-1.6695641047181229,6.508394200567507
-0.034923037711954485,2.9617782942411575
0.739356424036318,8.302485280531137
-1.0870856009690222,4.753818482066764
2.2348412808548623,43.016872885056905
1.1110390469862939,8.934074050621629
-1.8044041833655675,9.239797508568703
-0.15204424140533734,-2.4412164377453838
-0.24274490668064974,0.07824677876154729
-1.79875775306345,6.3190811029640965
1.7484174679300946,22.74180979515541
2.1738089132674068,39.505429800881814
-1.1664287698648432,3.334417727982822
-0.33820669897374955,0.5663555195439605
1.5817292425820901,17.788908071020426
0.45846652992266357,3.8564691729461225
2.712581213226424,60.31822054305148
-0.659609787752462,-0.8738341125457549
-1.1278707935509589,2.2667876748337443
-0.4105067485827094,1.899778442693587
1.447225566157381,19.268779889238377
0.6313555611365014,3.2773929397000696
2.262843867725026,40.98601347079769
0.9296630979511349,6.319102302936851
1.8455231256097173,25.30490480263792
0.8502899516807756,4.401268902751136
0.4181943407141686,1.1105595120724951
2.7006561569746736,63.568356689404915
-0.5009533461918956,6.568678102502194
-0.34299399211444026,-0.9753669060743735
-0.09550753213360452,-1.3308927752417126
-1.6217478649253385,3.380682939966916
0.9886057761798304,11.90057409212113
1.9070560410565713,31.980407841083416
-1.1170638006378875,5.163914585878648
1.1478114463564912,13.004826319234688
-0.11156605405102527,1.3258853216231468
0.499570654721162,0.3109382099779281
2.874641638448251,71.90712289567536
2.4289741818021975,47.49262873017303
0.2392079161645615,3.5258789269612825
0.7168255435262516,2.035351776222789
-1.720214120327133,6.446524871147828
1.8187473151113673,28.885165070589753
1.9424635559198813,32.72875207012354
0.30468872670826297,3.173073507868237
-0.5041121564546791,-0.5214151802451483
0.011106392492708395,0.7048539255895743
-1.1489446054476904,3.4671582840681636
1.5077972354100826,19.809998671278503
1.365263053362451,17.53825755093522
0.7202044939734744,5.1582692930671685
-0.37213562081860596,0.9536821545815884
0.6990402398702651,3.452233875273353
-1.1668135229923737,4.882134691605029
