-0.39974359062596543,1.2639403877885536
-0.31163684485087195,0.721869792136951
2.511579500588158,-4.74487388407902
1.8561744181819013,-5.579043190984562
-0.8807617643542187,-0.9123299998265495
2.657027516804127,-2.0373946896365847
-1.9684868712663532,-30.4610823873323
1.4970925404858058,-9.120126939716823
2.943705523468691,2.833138583513862
0.9574140505021926,-2.75606129996276
1.521421980447006,-8.999747948365753
1.2838925623618511,-5.129590832490553
0.6549680428539029,-5.946913806304525
2.520131062975924,-3.69989307735178
0.2786968033417061,3.4323137423505825
2.7592198889982917,-2.7182758619306
2.08267922044074,-7.198379065496389
-1.5790634209065495,-15.555030878131603
-1.3576907395996467,-12.835388009440077
0.24912824913490095,-2.906000809393335
0.22040569542795874,3.380958318761979
-1.1272469832927505,-6.4731434183754875
1.6411325558472614,-7.884885693463177
2.727577731363181,-1.3804227605440793
-0.4041893890797015,-3.517640360576143
0.09221069616561506,-2.673407859816378
-0.49989589334949835,-0.7468257682371207
-1.9318488262130067,-27.004651277650517
-0.8997406603856848,-2.383273391538383
2.9087833582915286,2.2256970795678326
2.912571615387032,4.228816864249207
1.212515368952074,-6.736305715511677
2.6261603560971762,1.9012203653305004
-0.5608790213563695,-1.5271077527464845
2.0121009406348787,-6.399616205276925
1.7440626289825234,-5.822752247090827
2.4665176060187743,-6.493572937773597
2.351893463844016,-6.733889240388531
-1.6178037394152482,-18.414440011721258
-1.397089910568136,-11.151297495079676
2.1393065022032687,-8.931057270352255
2.8951814509566844,-0.44557669086163365
1.2083946527000071,-6.5021877946148035
-1.2062421715254095,-7.2467417605578515
1.3043302260475644,-4.387187902772178
-0.8645126762182624,-3.9032656977882416
2.722576081226811,0.20636940201972997
1.118475411852951,-1.4184142462625102
-0.5223670327137797,1.5747648805585666
-0.9735133877923539,-3.7817766026028625
0.9225677166021828,-1.3317347444063619
-0.34902741373401813,4.673582584147912
-0.8608411448395574,-3.8270932211861632
1.93172449134937,-8.04858334519533
1.5692949312646287,-3.1871365175593755
2.772451404879006,-2.529215038428341
1.5723268593253654,-7.045165284191378
2.436895840792306,-6.500713961429589
-0.6134652444472859,-1.8226646562805382
0.9810126913765167,-4.903460637733684
0.47885478427337436,0.4347653480296714
1.1654813631189143,-5.433634525872102
2.275473433877975,-7.297038198284882
1.5949523256650213,-2.5210174255728983
1.8396358059245381,-8.245643656635409
2.6798618836705783,-5.370473387766117
1.2283181230618885,-2.3377230470394146
0.10874345847851874,-1.154691318814367
1.5850216578113638,-1.3089353698052868
-1.1987747208964983,-9.70122608469064
-1.2426463120618696,-6.020010885961636
-1.3979415328514242,-8.495654085795955
-1.0169394095156137,-5.1294139275607815
2.1178618851652695,-5.117325721129239
-0.6671108482461412,-1.0948802453768947
1.0702599356354074,-2.740048720920658
-1.618342939578937,-18.064441415192068
-1.3312945647737355,-7.879940497519081
1.2660306022061554,-4.169022919139721
2.417997714699246,-5.38619342971677
1.8252680966745412,-6.211173927449349
-1.7292367409566993,-20.36269167184319
-1.4470297002555803,-11.153410500461428
-0.06487455361984962,-0.9399178011188529
0.9626103662043968,-8.155427660395354
-0.094619239616897,0.21840042933970416
1.8397113331701052,-6.731156237397735
0.6415157586545845,-3.2785217913543203
-1.2640139932908538,-10.589214696737507
0.5674886823554788,-2.81676946953026
1.0627411907616593,-6.428112755869806
0.14838735313233675,0.34152898777791935
-0.5206297728397522,-0.2949379710384398
0.43387410233662616,0.4396126848616244
-0.9892842391391943,-5.897113368366526
0.4670952567108788,-0.34919217318858725
-1.2486554164936374,-9.006180781222625
-1.9640348205254214,-33.71286728001319
-0.15818381502596224,-1.1500548389151535
2.9665771495747375,5.2574788863773785
-1.3524560403285317,-4.86952787036856
1.2903171082446376,-6.260974277376751
1.575519704034558,-6.151037806231923
1.9078587673764265,-3.509233752186042
-0.20893097987967346,2.32781584886916
-1.213852065762138,-7.473655637631368
2.9168883280754265,3.2095366256406868
-0.045397721985764194,2.7870566581879643
2.2501126527726942,-14.059339262121402
0.13136963024147974,1.859594878571789
1.3759057850178182,-5.001644933687049
-0.14957284480383137,0.37535485308962224
0.27749690486099876,-0.5935389721105544
0.22705514213780997,-1.522433937657122
0.6558249280995323,-2.3667135733732065
0.1506907752194353,3.9160033892003683
-0.14559651123014605,0.02703662877106794
1.3306793689860643,-5.872459088931491
-0.3523662192577004,3.7047584143774257
0.7237468923982098,-0.8637295634181432
1.9969105194293002,-7.707065470646087
-1.8044690677438524,-24.420064399034406
-0.43740393231695984,-0.7964063391423217
-0.7310363714547461,-2.146764336411131
-1.2716786581303368,-6.342167828023168
-0.023184699331366687,-2.8821262841957704
-1.0343457039480275,-5.17728284995313
1.6322231065738149,-7.728480074046799
1.9588027110952244,-4.028744443534755
-0.23314837284977563,6.09260144443261
-0.47382585213272255,-1.6912258711278896
-1.9060395063115614,-25.77662601131427
1.8154513026965597,-5.9410032942967534
1.6743987570994636,-5.555180262723622
-0.934919319227113,-5.349284989022143
2.695341360027035,-5.165807684822536
-1.432415841669,-13.805617493205801
0.6908648832743247,-2.4866624780308264
-1.7262990400178868,-21.520671170528246
-0.8964591484770477,-1.167643817742365
2.413893947835966,-4.724169348193863
-1.6508205895386974,-20.280402319386045
-0.5200196245926625,-2.332697872806902
-0.870493853266952,-0.9479415037515317
1.3105237281050277,-3.0640730780037373
2.2229419961803742,-9.073819694782093
1.197684589741936,-5.008630005868287
-0.3894432636540628,2.9606364914508574
2.237710965551317,-9.13201151390487
1.024313735250375,-6.260112154256631
1.785500587293483,-5.583887467425276
1.1957969470905039,-3.9208116942666082
2.7300185340312844,1.4750815662239836
2.472222152091656,-3.43504519300385
-0.1501637315912112,1.093080114228255
-1.583812121807147,-15.599928925348532
2.1472128644126363,-6.243678218093871
1.7085387303119703,-9.239899341686549
1.3906557573398381,-4.060182940690888
-1.9753499127583722,-27.757120037395204
0.18052951410444829,-0.6349288822110886
2.046855233326246,-3.8747669032585175
2.3267114002803035,-3.509266279065487
2.5598477884150794,-2.821082639464874
-0.5693625273259322,2.3082622901548113
1.5158961913672893,-7.435744711397895
-0.2600080663762432,2.8326616925375268
-1.0299100529270215,-5.860630915247081
2.791340807259603,2.486701291663457
1.1253516730917008,-3.2115338834921427
2.53466057036624,-3.4424975061382015
-1.368888054492182,-7.713590077763595
1.741506395434719,-8.775223220736164
-1.3233896727365162,-7.698709378017656
1.7219556122468633,-5.120523668243656
0.8324369233051843,-1.9585341073944964
0.3785315731975709,1.4571935402026084
1.5180882444625938,-9.253345635879631
-0.5391375573283339,-1.5167695832815986
-0.8897387203904317,-2.1570817933673156
0.666180729791749,0.06832068328339558
0.38045908511593396,-4.399465119316167
1.7507327202585667,-8.119490788852417
2.474461536862564,-3.7180857443191586
1.252371675415823,-7.381822767393418
2.6955294564712142,1.8988695454234144
0.8843175870946185,-2.1970024937907646
1.811328240140297,-7.221471768537601
-1.0258402346757949,-4.421060023903242
0.9595551206462605,-6.534469787566074
1.1373457333210442,-3.797018339283191
2.8303551151678406,-0.2218260131712959
2.8580097139345497,-2.7150378179017496
0.5373692168430519,-4.964524674146057
1.6021401208570287,-7.351318248809201
2.776345836375632,-2.350516976518791
-0.37248683477271327,3.6726428365110233
0.815433418226096,-2.3795441028602102
-1.4686001084275795,-14.332660323825111
-0.08249974792706061,-1.2240575796804318
0.32895355627965817,-4.036475227471461
2.6994309505973444,-1.7779032260515957
1.8350282189484597,-9.310758732414286
2.845039352359935,1.469835021656423
-1.2190005198501601,-4.27355484957885
2.1163405268261037,-4.071495832445787
1.1428744444418282,-4.6857819789169595
-0.5834764738939406,3.6290744292307116
1.4892177539130422,-4.007039238941069
-0.9401105515868067,-1.8748147868715994
0.22894918163175948,0.4364417957359643
-0.9874736961100616,-6.662258486530254
-0.012671471668894707,3.49708763610388
-1.7473333255735317,-24.23795703236499
2.14281436123889,-3.230857629784109
-1.9670580761264327,-28.90025461675419
2.4727600363422013,-4.139189180639062
1.3304269492327663,-4.899758539959786
-1.8799442292628843,-27.325929298154044
-1.4256418027491662,-10.910046060332833
0.37113193239465625,-3.487856913473247
1.9261118520347642,-10.935852041815727
0.5285864643525873,-3.4644261231775264
2.4415583848984888,-4.071001634029921
-0.3200985277325279,-0.14195925348808514
1.6441145572302878,-5.711212941776009
2.085619228821894,-7.5360327989400595
-0.762104682138601,0.5287552778674205
0.3582826698917496,-0.20719738573044455
2.8980597890959947,2.386038871662634
0.5450467742106699,-0.6066423182284285
0.2639685850723996,0.9373391395143149
-1.870984688978726,-23.268295381030534
-1.1246328941349886,-3.4781089886594656
0.4961890712392809,-2.35751518035892
2.8196874371240233,1.5735806705597764
2.653548438226273,-1.2670641085277439
-0.16150598927063253,3.9285343745186494
-0.8348639920853049,-2.529929728368736
2.1057145032620017,-9.956413656560358
2.9018709544930132,-0.23785149412703177
2.729823958617418,0.6177209990334407
-0.5909526942422483,1.8449090416933864
-0.14130000495780104,-4.702226158240713
0.40934949490991457,-0.8294151356028531
-0.9262347509270146,-0.3111033774915004
-1.3888079294998128,-11.32905449924764
-0.20732863991823436,1.3385029141827163
-1.2735500320297444,-10.211424676894831
2.862989486552028,1.6492720175878572
0.1292359900161535,-2.8780225929339265
-0.5149757113213269,3.9428894525552245
-0.7627625989337377,0.41353414521385123
0.7012574184938929,-5.212537035623364
1.9541937754887284,-7.688924479458353
1.132619326654888,-4.286768990342809
-1.428091580136995,-9.634738462083666
-0.7538188739351512,3.279625120840591
0.2700700186027878,-2.1932678640350227
-1.3020529865345514,-6.445408803432141
-0.37561596707073197,-0.8406254234085813
-0.5086528591706267,-0.403093689821723
0.09243564075358668,1.1701605348403483
0.12039147371049808,-1.038075770244732
2.6625075455184097,-1.2320453034860157
0.45443407543401326,-0.5436373770757561
1.487902874367533,-6.989996680223297
1.5203228949448668,-3.714858337613559
1.7069922341702255,-3.1376453599018066
-1.0461573201092467,-5.57083810706934
1.227260089158912,-4.292121022965633
1.9198306266640732,-6.093427508225358
1.0759323694477594,-3.332132032190257
1.9614417869317209,-6.898864041747449
-1.79632806422015,-21.557495847432502
0.9591810404996584,-4.104473587003955
-1.6034893868134814,-18.024019741481414
-0.11568118211978984,2.719012650123071
2.2665308111518723,-4.690973608323607
-0.10542046949806183,-0.4526888491224603
-1.6749078669485056,-18.636819172587945
2.4699125925886403,-3.8482871895542936
1.3719173265676061,-6.265343451944555
2.4495311123579,-5.143548286307132
-0.8882292495740116,-6.198338225317362
-0.4838121741210215,1.3140648380410267
0.4459349029382098,1.194379922308988
1.5438801909705635,-8.558470849554054
2.164145791965236,-3.4343439278427694
-1.0803124712633805,-8.188109277570456
-1.7147671361038535,-22.759641261200564
-0.08906297222319504,-1.595515260420827
2.2400352690345073,-6.719880159046858
0.5158604665403512,-0.28361557320143893
2.489485488628368,-9.249794201785583
1.5352134927592873,-6.614654951926139
1.7695840628615644,-8.888422379662057
-1.0535400198945664,-7.690950053404453
2.8012964712577517,1.537602264802659
0.12007426530754906,-1.0969399326835403
2.1852678322692336,-9.610625620360821
0.34066406952468986,-0.5150319370346179
0.8846883847349418,-6.4120741119062785
-0.028120874147256503,3.6698888216948546
-0.8314797291398517,-0.05256118881210892
-0.5394976686038278,-0.9420358538989841
0.7908672611634873,-2.350248884452211
-0.5703238285543053,0.9626948538187327
2.930091429622066,3.4557494682927175
1.8690790157121455,-3.5432984506537406
0.9513930314319059,0.23881935400392962
1.7727233118168342,-6.719422953317572
-1.7462110700688454,-20.481172507832483
0.5157716688264262,-3.580050503023067
0.5174166616887028,1.471510126269616
-1.4517349852159371,-12.919593265094747
2.9972671967391022,1.8912919595109523
-1.150850514578441,-3.304220067883437
1.4907664799387965,-6.3924378722363455
1.109178916476993,-4.460491311274544
1.4317310622201158,-5.504076195001193
0.4363232789074516,1.3443237733817954
0.5319599908667598,-1.444242321477543
-1.5855973092147573,-16.08814455130712
-1.9697484008817545,-28.41851159467483
0.44129013556497565,1.6081634825779556
-1.7560228701441405,-22.253958492723136
2.238867161332756,-8.90310822299738
2.9911113456076723,2.557430946386524
1.969215015671673,-5.902843826276213
-1.3329597751639954,-13.333794622904794
-0.9601400190319564,-5.8934316419720965
-0.961878997990214,-4.408961515099137
2.8932451640900867,3.087115605598452
-0.6056892101304372,-0.03287989079093772
-1.130335787921433,-4.87621340599067
0.6230983125572216,3.230730861330083
-0.17810442030659512,2.239853476858464
2.631476238550026,-1.6969238740408135
0.038542344075379376,0.8993529947947316
-0.8529170455867949,-1.3839298659291335
-1.6288065825987856,-15.973721449891507
0.981521867139362,-7.68077194258864
0.21277678093924468,-4.139920196332384
1.5064919120218634,-1.4279645307736768
1.8039540942810461,-7.959918209946652
-1.8908652230631589,-25.202195756862302
1.1775440033755848,-6.547429603707232
1.8262741413703076,-5.820511725154911
-1.835157537899718,-23.837064319069555
1.8488978236749234,-7.812009194328909
1.1583889609753624,-2.4989011829738432
-1.1077519162474807,-3.1957434812156555
2.0567775540621174,-6.35154637421251
-0.7090024516927245,-3.5697192142301786
0.4032016909204552,-2.5251597928044918
2.2273273380284992,-3.521846908018664
-1.4955225083077177,-12.443361661741454
-0.23187024924389998,1.9850071566171028
0.27038423585816496,-0.26743129773181457
1.8221583086745712,-10.91704582530299
-0.41132601157695503,1.9119132409519697
-1.997231466300035,-30.37693848889226
-1.1450150096951,-9.077967855035567
-0.33750159264205704,2.3210618828773866
0.841737414586063,-5.781628347361446
-0.6865130952362812,0.9665186169012048
1.7860391839789633,-8.144146230603276
1.169828921035739,-5.673837064067868
-1.6160511561403716,-14.121250579664128
-1.5923421234928181,-18.24615225175913
0.14233312568602763,-0.09865886636559285
2.9481741781709365,3.62095886120288
-0.90821418033874,-4.585269442040297
0.9737482637187855,-5.787304679108411
-0.4496391857111208,1.3555783230013292
0.08837967076172637,-1.7432827997819442
1.304540770216823,-5.194491645784648
1.683069425766861,-9.048115125412023
-1.183334407768582,-4.3133216972965105
-0.7547763669098777,-4.165166624130711
2.830553811529194,-0.41756650341759705
-1.4873195903449354,-10.68888069257154
0.47444284097914835,-1.6536609147187857
-1.7366050990776025,-19.765086703784927
2.602622324865381,-4.09744983361515
1.7971906413932328,-6.474384003483301
0.041934217938524476,1.9927481942898189
-0.4446370758137068,2.088764177501428
2.4061078264083537,-4.2365858407391
2.6609904623789733,-2.2298176855638885
1.3710961193230302,-6.501269009476293
1.5062273694653978,-8.029473934060013
2.5979710470495636,-3.849871195676279
-1.9534143166752869,-26.91835162926364
-1.1596642415993461,-8.35312960542042
-1.6052236678512504,-14.940031015164957
0.5952855438855069,-4.06439833731276
0.16262671205921864,1.335342920664139
0.7404426510610351,-1.911265551127673
1.3272826346574318,-5.509797733944576
1.7149981650014419,-9.582054291378167
0.19785424954416264,-1.6515815018607283
-1.7003786867194814,-18.9013983839933
0.8622154540098519,-4.027065014756878
-0.7681504070585314,-0.22422695483325472
2.156337689914108,-7.440894647135922
0.2993658295108137,0.8654789817166587
-1.3587949417762668,-5.842793920700512
2.9554475408782164,1.7369514626048195
-0.0739662890256696,-0.608361374348352
1.3973849832601584,-4.463514259811548
-1.0064828628010352,-2.562525055891478
-0.5293819880361499,0.255271560582593
-1.8924878837322028,-27.838678529236724
-0.6794485629682376,0.1791616790272802
2.6089873997492,-2.7498302028881585
0.9242116815607839,-0.23414360184151306
1.1373595091511826,-3.9256444678462374
2.6868178829315275,-3.2389674722154655
-0.8087147450454906,-4.436377789624958
0.528042849532834,0.5222750857307912
2.292336010504152,-10.958718602152278
2.5151826607876355,-3.620838366485375
1.4980751198869116,-8.592401067387456
-0.7739196260375869,-0.25834061200882585
-0.33018480685568274,2.635870632102563
0.64864387566345,-1.3323937462380937
2.1455898829348925,-6.984056294367911
-0.13949046792924236,1.7356805980619034
2.0053788022339525,-8.425216941516581
1.3211616370371937,-7.045203564015284
1.5634906280314436,-8.193209598829032
1.3504307785796654,-8.05676093799217
-1.6606232076361982,-19.041809705900253
1.6415178034007774,-5.709596490067865
1.885148121617414,-7.9144590625336555
1.241719869432023,-7.228504876217352
2.6595299557965957,-2.3777893750649817
-0.6853484959880052,-1.2999053722964795
-1.3666369746853588,-12.17169613262385
-1.6464755712417283,-19.293788266384155
1.1395958160662252,-1.0647852623666831
-1.4242281760270603,-10.304237107304678
-1.502989455806411,-15.28055709472422
-1.9952328390535246,-27.64884842526632
-1.505410778130687,-14.451485734756842
0.02136428956293379,3.9675069972210277
-0.5580042478704033,-1.2217513329094336
-1.0037622134351636,-2.4461562895580116
-0.1481985415743452,0.11869281339386406
1.946411668611221,-7.5190047708276175
-0.22399696356411347,1.494556467440324
2.187221686192248,-7.710689779171726
2.0043805295601658,-5.502720283922775
1.2569369452757262,-4.6667161749541455
-1.9167389199426659,-25.770333032908592
0.7999722492522072,-1.438900945158753
1.8554490278249167,-10.622348885778287
0.04183122893947999,-2.9767597490365882
2.3128651618395235,-3.370665290329161
0.6048470237717849,-3.1889605570243775
2.12221844579408,-8.698331118019166
-0.12268770263863837,3.51286730205711
2.972437538391664,2.3725858612153665
2.1088956117591575,-7.922738554417789
0.23292811897234067,2.9372235897134584
1.8711827752011185,-7.762366314191773
1.140750129685352,-6.697094126306862
-1.031344329177879,-2.538073873745854
2.462429363480452,-4.501503683161174
2.7790233237357604,-1.7722469544102828
-0.04956067394318753,2.456082185886219
-0.7906144687838821,2.5560362951988074
-0.6186116458800703,0.4359372070226073
-1.0350134314678698,-3.9520749002377316
-1.3751969073027208,-13.927117157222842
2.825476934621806,-1.0348345391292366
0.7367665318645162,-2.422058627193927
2.994612647047177,3.355075116463116
-0.06568669011243244,0.45774003364962546
0.040705594752545426,0.7179250895143241
1.3357401648124343,-7.5088628537785835
0.5912135207630604,-2.2934552825098518
0.9246350204947791,-6.244427095701237
0.41423903915003235,-2.195609020678387
1.3090322088454909,-8.198926505502003
-1.9649600113411596,-30.9508061045181
-1.7680586279680215,-20.463249742028275
0.4240389429973592,1.3156399794764209
1.9051932536998137,-8.901060672780666
-1.568203850980792,-18.759617166173026
1.6211733326203883,-5.754321260322856
-1.1607727595199302,-4.878354248977286
2.292838319826137,-7.0362331225826775
0.13133090986573315,-0.8279078234527403
-1.9679592339151095,-29.014911097221077
-0.8608745422615458,-4.693947433954071
1.8348785832555392,-5.3525896552246435
-1.6693941399098287,-14.67329819439264
0.8538594361343961,-6.02708393508002
2.354851087546475,-2.9474896510012956
-1.2231017094418088,-7.43669949846514
-1.238424918272043,-9.191916967921276
2.3348830799189457,-6.126925306331743
1.6124999336790395,-8.970503959362421
-0.5136014742296657,-0.394747009448118
-1.2101008738388357,-6.032127863253647
2.0470867787893674,-11.098842437265574
-1.1013986086021288,-6.1863234641196705
2.501669315431876,-6.960050181191954
0.7621576792918545,-1.659672163593962
0.1808243703479615,5.164679856959823
0.06283709989369335,0.7613621275738227
2.6538173263742264,-0.18893982342024107
-1.3609636952853048,-8.86524149365001
2.535787634630328,-4.951060422487716
0.6096071623339743,-0.13729813158445192
2.674260471110604,2.42678422227213
0.685779048965014,0.2990621044110031
0.751430376679751,-5.010799286174039
2.8425941505073924,-0.3189942048070802
2.780515900105941,-3.7858734939411653
-0.48649839480673407,-0.3380474158619282
1.354243540912556,-3.015375718557792
0.7299393292486434,-3.071778310548699
2.178538110415074,-6.586335822962235
-0.3676042558820163,2.6006875995823666
-0.125642809736624,-1.1003008582044465
-1.4428186645747614,-13.499604261519606
0.22470039068196535,2.433974645589494
0.6595177287796243,-2.4056787850410153
0.2572215624245473,-4.139832397055008
1.4835829829858445,-6.869238482893428
-1.2354301267791454,-7.9479001461345895
0.4420323020999213,1.1669811968304988
-0.5475896227274801,0.4269783765683357
0.49267238598094076,-1.5009757710856126
2.1170674731861823,-10.781620674086316
2.6448507935546743,-4.432965193767187
0.1286856964000629,-0.9792034161090188
-0.13281677007223713,2.132311926977576
1.7835249067728949,-3.750227659887519
0.3949490029267242,2.6798157935862075
-1.5790020401206037,-16.892614332705442
-0.05585765286304056,0.70074937658577
-1.929301200415468,-25.534413885156788
0.39004177087815295,1.040345145428853
-1.9108094737320163,-24.905604380136868
-0.4169278156476657,-1.194036150251803
2.2046623702606185,-4.95428565042722
-0.38717296886067265,1.8778431813747596
2.047923874470033,-7.008860790561239
-0.735408513312775,-5.260316928233923
2.424068013765967,-4.491624179907805
-0.9794755902859047,-5.3444461293520495
-1.0319850676622915,-2.957382806519309
2.5456751190203466,-3.417359616070329
1.1967167005385062,-6.205657338344584
-0.6158014459669707,5.203634616047137
-0.2689023042793153,2.3328231967029485
2.3023585355661975,-4.913159494712318
0.23379355982734218,-0.2886086097903061
-1.5173111173505809,-17.5099546251147
1.8704955915389587,-9.77261505490705
2.340249306343492,-4.214878986547341
0.19938620980165211,1.1273023946414262
1.2526697634473134,-4.264617591840971
1.3470337589284909,-5.533606431523036
2.6535408815022965,-1.3355446936214115
-0.0281367312488654,0.18422237925118268
1.479826848765657,0.3025782633893641
0.17093519481038388,4.8764609306642965
-0.5545001636406082,-1.4651196263037591
1.3194514322828592,-6.459298910694685
-0.2715535483923308,1.5568637943528865
2.737996681688178,-2.357988086707741
2.4950998681354433,-3.887952675869181
-1.2336562053835225,-5.511897986456175
1.8099785543848737,-9.618579347403838
1.5957223305550938,-6.220041079001499
0.03238976647430114,-3.25190711071939
-1.9208247456493848,-29.657383888062192
2.1320192614261586,-7.791869459742299
1.30928942349072,-5.312948073934691
0.9406414745983218,-4.361741201144393
-0.6685272202507684,-2.0218601509373295
0.011033360300408468,1.8378033466202264
-1.040768890008834,-9.075758655914381
1.5634327475282435,-6.8001038997642125
-0.11098586656587361,3.458878100689316
-0.18144423300696477,2.4327591518867937
-0.21669157545946272,1.4877236147816935
-0.7216963086064536,0.9810710035800438
0.8485229978610698,-2.854157478999852
0.8709645416882585,-4.928080905754244
-1.9825909558114874,-30.62148704464689
-0.7269885376218581,-2.499815931423101
1.2673910989171544,-4.144318309833274
2.3258044143242262,-4.551535336624109
1.267809626135751,-1.0228709955803286
1.0541653420609887,-2.306578052003242
-0.15270379269142653,2.75528790398544
-1.090904295901963,-3.8844448143831842
0.7725406512644342,-1.4932663460943452
0.5071103412003652,-4.883216829655694
1.9627239421066358,-4.801795469048744
0.5691999072261975,-2.016364044079222
-0.9823654001694042,-3.740043805518438
-1.1826420501470707,-7.371057816065969
2.9491205036879373,-0.0032727164012320564
-0.029535403389516546,0.7350347298102993
-0.5596953973324208,-1.205529374254372
0.08519788263692618,0.2899274909038573
0.7157587660078315,-5.227656963516212
0.8751594920111541,-3.1307853631467726
2.359704145800432,-3.2518873002919815
0.33449676108632165,4.093834589594108
2.325159052328652,-7.168804446251294
1.6344243457778616,-6.8944992344852745
1.5105033571192368,-9.340575933308617
-1.9507569012704238,-31.32624005002885
0.31004731648470685,-2.5596218904199413
-1.3241271047204155,-7.29350047203031
2.7963233019418663,-3.045575313991523
-1.1088871763576995,-6.186281949839586
0.17865848963750164,1.1556268959794427
-1.8616593278700098,-25.684892943148043
1.248597290709406,-5.2447967073360005
-0.5474544199872033,2.370510790209629
0.04078790921010489,1.9341321842700072
-0.9730508357806282,-5.1005416957474905
-0.9472415593275096,-3.0599418368810896
2.7492001251341778,-0.9295745487459899
1.4655150775610863,-5.076939467108382
-1.5028866006751944,-17.294259192505244
1.7057703466835505,-9.359804298172277
2.17556724898448,-3.8351218193116035
1.5541263570031667,-7.848815026679447
1.2831814958465118,-5.336462203023224
0.1256055402431877,2.9921802040039345
0.4312969383998775,0.1630027945689907
0.7228096892294698,-1.9880850486711414
1.7159101200855233,-10.287309521697717
2.5426975844809405,-4.6853248617794785
2.165398473374516,-7.285140370409109
0.26384048418230677,2.6433247680488408
0.08637064028905872,7.3037370120116885
0.23685497760631957,-0.5093456717098357
-0.8559260760535163,-2.562475616267399
2.1127570950104584,-6.904447114992123
0.645348330548396,1.3216125029360688
1.9612173463224742,-6.085084154717736
-1.5257304214315575,-17.87212940031604
0.21569770950970346,0.9873959043885691
-1.1217464102742263,-6.314465884399782
2.408326975576406,-7.466943262338791
-1.596799131911216,-18.850958447118327
-1.4037252210489541,-14.145778190056586
-1.9409244159369465,-28.76048870682729
2.9893041570010723,3.627671361955363
0.9125919622588805,-4.012303322219618
1.300536772492145,-5.693901967631456
0.5096372901426371,-2.5552259693851784
-1.9634239539968783,-31.023748082841855
2.919149926033996,5.861099900141856
2.2244798781857,-9.964672696556743
-1.8444976610440482,-26.119090012016244
1.3278278194606976,-7.399589754244696
-1.2723930146680162,-8.789955827173326
1.0859086769896296,-6.721083103783648
0.268280735734463,-0.33080301652649463
0.6010746711773058,-1.3842255656216922
-1.5359058343418175,-13.9926053441779
-1.7652423258062915,-22.277767800572605
-1.8085035682249329,-25.880031472838464
1.2547867020793482,-6.291161722901341
0.011246064832749703,-0.10973196966409349
2.3678840350228834,-5.645581769248901
1.6384248881534145,-6.070039398655744
-0.6747687649393317,-0.8609634612446789
2.706808042724508,-2.879329424549403
0.4864851032799349,2.241380998316063
0.02983249881665806,2.1958953032199497
-0.011108036988795478,-0.19045758225065335
-0.75592398890578,1.0409222378049963
-0.09027569147909142,-0.515138459592765
1.7624915562667094,-7.463730294152962
-1.5108794718924146,-14.427870127777704
2.417821105791951,-4.523884824637101
1.1760032351554313,-6.98722676862845
2.701847033537626,2.4442524820510454
1.3261517642896372,-4.270293699175269
-1.258952192861119,-4.43773973102747
-0.9920161258023201,-6.701414517655403
1.3065088647032836,-2.27512536537208
0.7260600241486692,-2.680035977599065
-1.5748980132263601,-17.053914981685452
-1.2074747662395389,-4.215975579199213
-1.7746997180306776,-24.760974809174662
0.19886896146712996,-0.7263366820699984
-1.869950704486416,-24.818394253747122
0.06259453586447927,1.6688027360202442
2.6515855544617697,-1.703541862876139
2.213500594678435,-4.364475894555632
1.0870012746719668,-5.530810023298637
0.19091902771103397,3.656223601140879
1.515920876520811,-4.123921478971733
-1.9996826329848694,-32.27496156610604
1.550186198309925,-3.6954585269440368
-1.5395051068996617,-12.177075611640534
1.1325914800164707,-5.896684414961335
0.729911044872634,-9.16858931429637
0.05044091625047775,0.9679505370883725
-0.25053431503795953,-0.7204528034172895
1.0949136941347244,-7.480233188504608
1.4618739488759127,-9.4380745770805
1.4416229491762085,-7.6755203392105305
2.4340304918148554,-1.1486216183172449
-1.4980600794035441,-13.641584127626576
2.1235844841929232,-8.041920593056124
2.696994990634283,-2.1017428499883186
-1.6866389292318311,-19.59471731151029
1.2561381248772188,-4.718390471842606
0.04631739951184555,-1.580904088972186
2.66965766141388,-3.0354366159916646
-1.5003025939501806,-10.349914947995476
0.3907406528649249,1.5304188697970684
1.8568139150114398,-6.4630963214370425
1.2322422310090761,-5.8921613237487085
-1.83266585160461,-26.38511396397093
-1.2604274985833934,-8.595346870427893
-0.8327090150278993,-0.5569140757190396
0.7352633256997327,0.7544925347159266
1.7708193991680354,-7.883171068271744
1.531168412338015,-8.311782066842232
-0.8404885193124243,-1.3371841874007377
-1.2350733749473242,-6.912639090032497
1.9445519587674789,-3.217418429298401
2.104834397238122,-7.09833574428292
-0.7202372126828891,1.497804214572767
2.130243689704404,-8.04355388707105
2.068181566087363,-8.830106464595266
-0.5954146474253261,0.3066148355037417
-0.16579332501266464,2.496843178024553
1.7249168637035646,-7.324149896402194
0.5012658690123835,-2.722105856393581
0.35653311491766493,-0.558487121054986
1.1273296800882382,-4.6869308768822915
-0.06980666058144225,-2.3714234983586717
-1.8742305405924258,-27.26659747596583
1.1879884727187409,-4.866763026360719
-1.8580881774508295,-25.171627121462507
2.4374569862201145,-8.313318625534535
-1.3253297359922378,-7.768002878997102
1.4146426851224816,-4.876591059523237
1.8954254323039534,-9.841793630683501
1.1608730656419155,-3.6348609948820725
1.474508697571899,-1.3254407696763728
1.0909267236999343,-3.6109566285821932
-0.5846357307104437,-2.4132320954468236
2.4876605651826145,-2.0531132898331816
0.25120483007954153,1.4919398309318055
2.8587726264952753,3.609599984101228
0.6744883502687493,-0.9729318095037514
-1.0655347241181534,-3.6742146553485595
1.663595827442756,-6.367142473854549
2.822926971666898,1.5246912123762415
1.999322235187143,-10.98611053921825
-0.04764686721000988,0.7857719198296957
-1.379836798672641,-14.188025672905374
0.2837479014254365,-0.01106097599563853
-0.4253278304155015,-1.7301585647103492
-1.0111309818264047,-3.83119947389053
0.9616740409257853,-6.222283319348511
0.22274504706160503,-2.2944623241794453
1.1951105756311025,-5.945620010733781
0.8184633671263564,-3.081007856377884
-1.4693131027904216,-14.988662788018992
-1.2271401915404272,-4.30880539950377
0.61406431026183,-1.7976539768559412
-0.34358674241701337,-1.5538742731236563
-0.6836543618419171,-2.776828542423907
0.04627172034554938,1.3776841853394406
-1.3901358270981365,-12.8413410583994
-0.8893217240088478,-1.5614756833269279
2.886410248570291,-0.4976513428603466
2.588016095440751,-4.880049005132696
-0.5250200875067639,1.3571593462066969
1.5995994429149136,-6.793060959913375
2.8126788341673947,-1.1060320275111262
0.7919858779651636,-1.8167705071531666
-0.25855588517647954,1.8708268201883067
0.07793977499664662,2.1758843805622154
-0.5798254576592159,0.4116416126577095
1.4448026568230823,-6.049794929846127
0.15318077040473366,-0.956718360715631
-0.05216620526274074,-1.7404564979938217
-1.2103235399058592,-10.725943309645615
1.905191315343639,-6.520562245456593
-0.43829803788717925,1.7109787020624483
1.4957407720877498,-8.792012348915495
2.1658782035628708,-5.090012746057235
0.8558569720431812,0.4228579496563638
0.4792027703746893,-0.5814796423272556
-0.17519232578729316,-1.1501569303654195
2.0414923473609674,-7.995885068805062
0.07321852280917929,-1.3424278742791935
2.009894413615892,-7.725953332663586
-1.4807889577666005,-13.60828598605399
0.18262952880338146,2.6828755581560584
1.3466292594267126,-4.450572484035795
1.4836688458715943,-5.6693719982633635
0.9012360838525986,-4.780237204924814
1.598094437323625,-6.756110908470109
0.05998807101507575,0.5069669431585957
-1.9349764781069365,-26.037153960442946
-0.35232964147368806,0.1862518642854829
-1.2693997763158182,-5.245957839335299
-1.4557960579360778,-13.349426183684045
0.4278031653271581,-2.243633861042933
-0.8482951550491546,-1.496593478542175
2.7808541137633123,1.7761422380119694
-0.16491310601773534,-0.9986543754544823
-0.30032943159628234,0.21887354645901924
-1.2446132413478859,-6.783832864548881
-0.15428692518324172,2.2912097384781376
-1.7367502924553362,-19.888908454060203
-0.7344878752830268,-1.8632860050569187
1.5328075207624945,-8.075293335399865
0.8112899424885498,-0.9162411388601934
-1.2277059816132039,-10.064553772902853
0.7600687420662262,-5.103025643153398
1.2504636308143202,-4.433946578988552
2.750105417891276,-2.745080886235151
1.597490577089225,-4.3706688297980545
-1.2687545792281045,-4.5290634117589335
-0.6103965009018757,-0.630284665906186
0.724996681400484,-4.061987489253454
-1.87251896334855,-26.24895604442067
-1.3943729204633968,-11.81434079331705
2.9764102430737296,4.115613161458546
2.0935682071556627,-6.325380815132619
-1.0620248672454395,-5.414462441346353
0.6120429932132043,0.12276596493081171
-0.29419033132361916,-0.9305769606116288
-1.7557906193390327,-21.12280889704739
-0.7690979565086518,-2.167375700910928
1.8692785961132348,-6.045845245984591
-1.8000175397901879,-22.06847587040421
0.9407738471540679,-0.8394348846873085
1.6356808416389375,-8.318237367712792
1.7165351785929799,-5.131312068186175
1.1031068973518492,-5.899524295607904
-0.4521301714711945,1.2448103004260047
2.0681133392120463,-10.411985638627964
-1.4769035830083643,-15.600171775377898
2.4191896515548903,-7.094696605241048
-1.895938760846021,-25.523334767108235
1.1552423957216416,-3.0616123404653734
1.5018070599563007,-4.436385618963227
-0.9211326456419437,-3.1399785237234497
-0.9771965225702961,-5.755530736495212
1.7046805266135259,-6.484180802455071
1.0959513831165038,-5.0437755049432305
2.6495439599586907,-2.457806628778646
2.1951442179249874,-7.327244482741603
1.3139034148323527,-5.9328357971168195
2.6853588255790104,-1.2533929302327391
1.81429600959998,-9.055415904352984
0.01623824921293382,3.660442392245895
2.8919864379437525,1.6795712519571628
0.1301882563145984,2.3925742891937682
1.8474053120207263,-8.297324863284953
1.3820921677621034,-5.6987538373638325
-0.07924468274924434,-2.5251929321603193
2.646518325576869,-4.049134285449785
2.3001065465278385,-5.524040009708673
-0.6768399016166464,-2.0499202622049806
-1.7161735677549914,-19.339136917045032
1.9006602132403758,-5.368291009528032
-0.3649243072483275,0.7400995988852614
2.224923443841859,-4.477618745136168
-1.723915587787616,-19.790219643719837
-0.7470219424793454,-0.27312005655954963
-0.18601740455373594,1.715732564310325
1.7678697728575044,-8.456354933636465
2.2136150526108924,-11.407900213373004
0.3452769951635206,0.9400986419009201
-1.7717673110634717,-25.66360266608758
2.2632900595265486,-8.833205874285719
1.1089709857440355,-3.954488221206689
1.7143101818630386,-7.706741116787844
-1.647226010620889,-16.351072111524058
1.2312814984660863,-4.667451547007693
-1.2881989828125104,-7.087053561644679
1.5469848278575706,-11.567181326828157
2.9255950243128117,-0.16296248451059414
2.861936854644414,1.4373162719476626
-1.6369899663169427,-14.175785460443139
-0.9533330861579223,-1.474351716131112
0.18580846059574396,-1.1218574168133328
1.8044442123534994,-11.555586366653543
2.723546988704893,-0.6509210824802211
0.9558487756510523,-3.603977461487467
2.2122718809450967,-6.953746885596745
2.4649309176692684,-6.383287779512013
-1.8615415110209077,-29.602148600920096
-1.5710106898462692,-17.792770825690663
-0.26866698332658734,1.2811983140177492
2.528772389295148,-4.774018460308804
2.736299332237847,-2.9606188904504656
1.9286100837750282,-5.635362273915426
-1.4908719912393225,-11.783815528748644
2.7828346936742765,4.51257426609227
-1.566806483670498,-17.676143961814887
-0.5086035135474092,1.6616912200677816
-0.946424173309977,-5.396618373579752
0.045391787671475115,0.7122074495892642
-1.259279710691784,-9.339874000957876
2.995646345992938,2.6469716366770157
-0.31611986523219215,1.9027637836986473
2.927435316779815,0.4970792621735167
0.15108325919240562,0.5779574797672357
2.6311205891530207,-3.2086495457798474
1.6778340169095838,-7.240631093717467
-1.1727653364187263,-8.268324858450818
-0.7632999790478032,0.7943343364803206
-1.219521578203553,-9.056324186336624
0.1655410937357673,-1.219875649132304
-1.7247694887024216,-19.693000048439632
-0.28480873787616634,-2.32724587837126
2.9051655347143734,1.3953572988161056
2.5062551807002036,-3.4403532527794427
-1.8449051709076663,-24.53592866366645
0.6959589275497864,-3.0651965839180524
2.4826849322882802,-3.1197566998987534
2.87585863168211,2.9538624383607615
-0.652756443396346,-1.7239080177261052
0.4939836776868294,0.5502825050376854
0.8560432649573171,-0.18995902985394064
2.6435857484563563,-2.6539861958711883
1.315914262773585,-8.278388053059972
0.5456826606526279,-3.2252272599974265
0.35125828520775926,1.1108055147237266
2.180493430625031,-7.700482470123254
-0.6502562225078272,0.3949416145967367
0.21139230409306764,0.4864982741577225
-1.9549092108004567,-26.212464489649523
2.562986115261001,-4.147088343755729
-0.08158791884322603,1.6539425921297752
-0.8585036628508973,-3.366351450493302
1.6923044648773602,-6.144141220276342
0.7348136972759911,-1.9213116961298615
2.7179083571556086,0.8119537358486562
-1.6027825945623628,-16.52400568549328
-0.6890696822289004,3.0849877132077324
-0.2718925192889854,2.753594773088767
-0.3743137342032725,1.4488752034205743
1.967988702743848,-4.011981511892708
1.2359057410260554,-5.274277181127243
1.623686620715314,-5.177356066354959
0.7252226407732456,-0.8906691976101391
1.1362237989256823,-7.238431027148612
0.6528993711833642,0.28372666363185006
-1.9059973934073087,-30.246422932560943
2.2704814404668996,-8.141290833831215
0.02864681150648929,-3.088462578273498
-1.7268922680009173,-19.585034653318413
-0.2855360175039505,0.8047691878549877
1.5767629988178955,-9.621958997292321
2.6169274723891354,-3.20536449415392
-0.5862411659605025,0.1342772926594219
1.6923272692778526,-8.102442046094716
1.6897791809180185,-6.745270024501925
-0.8494834824942918,-4.525581289968343
-1.4058958044299257,-11.60466134428762
-0.35126416050231013,-1.3526189120668253
-1.4540840589852086,-12.116933009627944
-1.7874862081529561,-21.731860612407495
2.0348518141028995,-9.071095045760934
0.5222981905772675,1.0525595865020403
-1.23252222181561,-5.791635675455922
-1.4881572577983913,-11.795642406488295
1.6274166980344362,-7.668018576828344
-1.4084993431130826,-11.679578863538897
-0.8622091323681955,-2.33760459891196
2.054671047277835,-6.899984724731217
-1.4590165075851567,-11.03169752252588
2.638217817491973,-4.850536796002482
-1.1562076380779078,-5.666245854113474
0.12210186950686497,-0.5676379239146416
0.7592980317017641,-1.9612069073672098
-1.829062266115201,-22.809305487497557
-0.18985291021709583,1.4773358306436029
-1.860529839719196,-26.63172982964689
-0.542463218205925,1.3168875432895968
-0.7897997581615512,-2.105461125049405
-0.35647043914630583,2.195811023035748
-0.8148277546437521,-2.797961697538958
-0.4927586178903507,0.23544907007872934
1.847442907256415,-9.394007005105237
-1.3739053332916984,-10.446323755876387
-1.0448199234177862,-2.1465106049664366
-0.35661698822390875,2.0091831144793018
0.9377788928714588,-4.836958859675603
0.14008127491565547,-1.5711294942659915
-1.192895392459393,-9.3322454066543
0.8198600708255284,-0.7779635645347818
-0.17894011781585828,2.4993910407502247
-1.8834771836500486,-29.557707874734863
0.9802184080431502,-2.6544489667305795
2.956509466498411,4.0808270187798685
2.9698735773354823,-1.1310832574252228
0.9868751353511276,-3.8375122787248803
1.0782461915502508,-5.269522264277477
-1.3235499960240347,-8.520173092942324
0.5881888049607116,-0.555604898497099
2.1120659899001906,-4.739017726959927
2.37809242406042,-1.3693718717857344
0.16323138588146158,0.7100173531428928
2.486458164675053,-2.5612971577267993
-0.21614704597039225,4.443028597980915
1.0514916376334469,-8.262222368532132
2.8074287142089913,0.9050836668603456
-1.1029610504268144,-4.718554044446132
0.8064180029048225,-4.538137068068263
1.2182578384537393,-4.291183511773718
-1.7375229819296942,-18.198504998678132
2.023811832559815,-8.89271859901654
1.000085994426942,-3.809226327650483
-1.949042144348148,-27.584415373497617
1.9984931754892812,-5.7632769032600315
2.8491860398790845,0.38191255332997054
1.2583159695014094,-8.591438224491917
2.988398793707918,2.683803756422622
2.207875273323671,-3.6874091612147573
-0.7888604323816826,-1.0187838271809613
-0.01708660716747845,3.2009588989023383
-0.8966019564418619,-1.415968413600999
-0.9787172523845826,-1.041034354528664
-0.1711078162594386,-0.6810033596971539
2.947094472928044,2.0877384916482584
0.8582696715291172,-2.318809420192576
1.9026570222197954,-3.4495345021440387
-0.7160228836534059,1.3798211119880497
-1.3621537280028937,-14.204847915523615
1.7424347401138274,-6.200247894613971
-0.12436091100572577,-0.34083427276347256
2.2446723871916783,-6.2274415662968465
-1.3440374153726897,-9.916777582226517
1.557453666930674,-6.785195776380248
-1.5620308126982128,-17.643973230961404
-1.5535894313387,-9.881430000045963
2.2790347794703196,-7.742714691151937
0.5370607388210038,-0.8088802473117491
0.5532567752726516,1.5147601626100684
-1.015339452231514,-4.778990247754706
-0.6352074687163842,1.7973115616616688
0.7792111746359445,-0.2720369585001272
-1.3428118370221835,-10.48731801243647
-0.7015235063847025,-3.119554535016684
-0.047620369321808464,0.8037011207232159
-0.2717783849234112,5.031923865833127
-1.665337267626788,-20.323932630062725
1.423761028770623,-7.421152018270513
-0.5351387299075887,0.9557455397702224
-0.7829776561493951,-2.352254701180245
1.9429920253745179,-8.886701358189978
0.6458384689877756,0.08729271827554896
-1.814404049396905,-23.570357930978037
2.765059106417972,-1.9736752476956225
-1.2279061987883342,-8.099657487477682
-1.008912066269743,-6.689335571491021
-1.7353059231415813,-19.862995073316693
0.20512024685709074,0.25385884780201545
1.7811150945291558,-9.155752805169808
2.7587105979083937,-2.690135283201582
2.8953226903824305,3.93666661884386
2.706044266768334,-0.8924554388044121
1.605907985985283,-3.341004100945248
0.1832480698067136,1.6015894219954134
1.3451955392081194,-5.737956890143861
-1.2276396834577623,-8.999507211509659
-0.07025267007513203,2.239730563017469
-1.3947965057698197,-13.436098070123364
1.4604234963517442,-5.229850440752992
0.19219110633613123,1.7251127952774818
-0.5184185512767034,-0.3339378140088044
2.873834965946198,0.12042008504048285
1.3123974139058516,-8.0480423347283
-0.39291411914619645,2.3346271804295613
0.13058632862408492,0.4707382724772699
-0.2280576011125517,-1.6002024491321567
0.1891232809833734,-0.14499773141489636
1.382897198750432,-6.506301388423911
2.839210498990404,-0.5262424414296538
1.4805051968014307,-11.96665396364056
0.3791453839919656,-2.8494930234208464
-0.8245123255688573,1.472897419566396
1.4099286449689,-7.736692181807993
1.0624170232649641,-0.9987001054294948
2.150878483783517,-6.153126478751786
-1.499041025651012,-14.030275281981439
2.762583810250531,0.4134955191858777
0.13134533431930429,0.8913833811206899
1.1862952502830533,-8.143002501981453
1.301801721295052,-5.464570634787044
1.063556199020789,-4.465984038319445
1.2822525998770038,-9.673697705259094
-0.31368083549376147,-2.149138029861814
2.650672179371913,-2.414891451299723
-0.4957216738153223,-1.4687328644238569
-0.2927568085941723,-1.3156757683378517
0.04934899367154477,3.594272395745107
2.352241174852817,-4.662207875094007
-1.0585875234019242,-5.301591703457499
0.4264376204817246,2.2278044053122548
2.5979882601231576,-6.328740732380988
1.6438978006456075,-10.685440927155112
2.017412930822432,-9.197965698699893
0.06911841812272801,0.759336082062531
-1.8635873072564573,-24.732443965084773
-1.7281646988084147,-18.894595858453776
-1.8526325908246226,-26.16690836912994
-0.0981213018063869,1.9876716254803473
2.2834829171891995,-3.589535279547211
1.1305122776852534,-5.3890884536967105
-0.9218851920898656,-3.4226809450611286
-0.3022276322593036,2.6895517959659108
2.4857884941509676,-1.8558319359710103
-1.0245771389902718,-1.6073794939981436
-0.8257581292361604,-2.04338433660285
0.6081723399768113,-3.331312861662
2.2292427293909567,-4.06235094778061
1.6961373269184872,-6.830283381570931
-1.0470947490141895,-6.278773187162181
-1.1970016643653745,-5.698574096380041
0.16790733710086503,0.8754769324074898
-1.5261447465133702,-14.179811516203948
2.565469093575426,-6.09251149026225
-1.1362912303511274,-3.8775672899243805
0.13245803031084824,-0.7926553334874111
-1.4162474763280195,-11.3870931354942
0.028857277526679326,1.6427521767090694
1.518117337676459,-6.888328505829275
-0.5830571072746642,-0.9872150559903758
0.04839003598385272,0.5872056881730625
1.1522606148902406,-5.1947393674979745
-1.6993622917279825,-16.170880704019545
1.3776448447091334,-5.7658920457035245
-0.0236530503515735,1.66054327878164
2.4892729343822237,-3.650849536645424
-1.8600291008480423,-22.989925263848868
-1.3461855709796038,-10.231923598008255
1.9090418619436451,-6.170341235059182
-0.051745852610836085,3.6922917820617576
-1.7233027151341112,-20.503009600586314
-0.9478433147131615,-2.9825850001213166
0.6705865626391039,-2.669138564011389
-0.824461663660953,-0.3716494016938974
-1.478070882616978,-13.53639751950105
2.718647442732565,0.8589858929100549
-0.11014100934644944,5.059962506768746
-1.6436997793085593,-16.44289825341227
-0.6951827784592717,0.4310061532969327
0.11340546634870563,-0.5826123939932718
-0.8089238193044368,-1.528709938169669
-0.33319710361659816,4.518317358325256
-0.1372228633417576,2.8906630173801102
2.5660140260305013,0.054412488428426276
-1.909494842690092,-31.713473279585035
-0.16790233700681156,1.484550749654802
1.875907804293996,-6.744748845381749
0.8001968444143226,-4.488332786299039
1.399817876771987,-7.133853567242705
-0.34141491652097766,4.437972972618834
2.229811379905774,-7.2041709673208585
0.5320988522813059,-0.42141238657318136
-1.9179955149088346,-26.754678214075057
-0.4410594835662356,-2.137195572824194
0.9049745736055299,-3.4357102995332487
-1.5687167140559954,-15.47327292522527
1.8235885632202757,-7.657016419652653
2.736176928446479,-0.595151664066666
2.3464870559629842,-2.0465670047936677
2.5219294457082047,-0.6490370915432857
2.4301548567918205,-1.7228693647389326
-1.1769500015333532,-5.381395339613587
-1.513862700491424,-13.505460469801811
-0.03810152316730253,1.488118191676762
1.1580475261723806,-6.378218182342628
2.4331859872644737,-9.140187979016265
1.4975664107639073,-6.297981700959249
1.3081503750831813,-4.930614960650524
1.6421443147767576,-7.957048143611287
-1.9703741919261712,-29.15906690557458
-1.5915627485212585,-16.598970577096686
-1.748002167941658,-24.743746970334453
1.7696891219213242,-3.052490863783638
1.8287488063106414,-9.498995805738344
2.934146375420947,2.773373722312701
-1.3316675997707073,-9.221675374031856
1.550598532519893,-3.027853600442236
-1.5931865268974708,-18.0134077867615
0.6211016276839159,-3.1875094510863367
2.5188223119077175,-0.2317920939552618
2.191936131109772,-7.374301192708366
1.4308422646163894,-6.508185800602554
-0.10779642269202849,-0.027129091854405596
1.2354094587391797,-6.302749890654059
1.4885558039699252,-5.354738456311658
0.8708943483227434,-4.053568646610742
-0.5438256161772479,0.28905395339435597
0.6912506256779993,3.6473756250644866
-1.648073137862161,-19.53206383326448
-1.7952406332459048,-18.358569270327575
-0.652372640910645,0.5570141986739026
0.1317737730608579,-0.16771488838502657
2.5634008900031997,0.7151894581283385
1.6702236176870584,-3.9430758738512055
2.4699320601394357,-2.672219419711122
0.722696781372167,-3.6110697724908647
-0.07624362189390643,-1.9406572860891202
-0.33553505601657907,0.7106925629660589
2.371952840586136,-7.020772360833715
-1.7842619838697136,-25.285347953886685
1.4520348641142657,-12.75430293811598
0.5354266778564121,0.7618704663831475
0.684157729887497,-4.738553792947261
1.3747797906585761,-8.875942393793267
-0.8595368779219004,0.497253264285177
2.4326011081691687,-3.879310860159232
1.7877938852784405,-8.072290443388978
1.1009772837735152,-4.773541882154651
1.0614333787992472,-3.4027263207311442
2.7903562214279756,2.07846205365981
2.916807181934576,5.233276511009957
1.9892033652728474,-5.151089283175022
-0.45338143460694247,-0.027485415611445796
-1.0984577438315517,-6.8519563792592875
0.7955132745597604,-4.953484749985115
1.2815411033887592,-4.927233330048847
0.2534184114440494,1.2108059789473637
0.6702560329544327,-1.4576345433473463
-1.5049074928711474,-15.359037456099465
2.494684091630875,-3.4844451118919717
2.027403347042825,-4.495303786603413
0.2689757285764447,3.343058910857893
1.3518319784201167,-7.273301545340941
1.0127831328960402,-2.809752223254513
1.1240443174771846,-5.786699617836222
0.38899880938356945,-0.09003533662559121
-1.8356247484719717,-25.330805656625234
2.962578214563133,3.5556043119006793
0.3759719573334359,-3.2630561556756428
0.7899856744918194,-4.2883226236473035
0.7919448378121423,-4.728626900387731
0.7789666000552211,-0.3138502764915052
-0.689109837967262,-0.06650933752283428
2.543392206686062,-1.95093333183001
2.071625481463145,-11.776544425123834
2.132041718825258,-6.978297250610492
1.5334662670558465,-3.8948306065284624
-0.11091570949922014,4.384769212648363
-1.4073247946371223,-11.451672295941602
1.5507931500384258,-10.628090178278446
-1.851009969666632,-25.206938023512354
-1.8165664451250305,-25.677559201792548
-0.672001863137303,-4.975157465041512
-1.08047145065705,-5.603282495702404
0.7922940160049068,-2.4814667209460706
-1.8167464761659728,-26.248007104957995
2.636812133259843,-6.883422927891165
-0.9986455905886094,0.5356203282126053
0.35018795461471486,-0.4196337174560285
1.3017751978507186,-3.007200397853818
0.641818221475059,-1.3700585710221198
1.4299608716733267,-5.478117826606705
0.29436820357134197,1.3217113768361426
0.8587756422842245,-5.632363401795222
0.6975087164665985,-1.1327786334612644
-1.3583252075668937,-15.270962026758358
1.2859383228452566,-2.185264307913422
1.5596053425929868,-5.080145735907421
2.558004662431032,-1.2281661503019001
-1.9076870825951247,-23.650981649585916
-1.1401107358702998,-5.235642112719938
1.3313167909269503,-8.16473364043262
-1.3979905006069346,-10.718452285568144
0.24406698513357217,-1.0135046804953032
-1.779672634668004,-23.78589070429562
0.14293324583542333,1.8445306716268428
-0.15817804922983503,-1.0571003675688375
1.480787823083877,-5.64755983448467
-0.5063583161500722,2.7520018560113098
-0.31547886824720095,-2.7465586177281693
-0.9361788462852183,-0.843414349244378
-1.1480323311074996,-8.167353430414748
-1.5982775441501071,-18.647564230856577
-1.7581370030587822,-23.37882328385952
1.15937565436619,-2.341023678917406
2.100335998353998,-4.939644251623949
-1.184694447291929,-7.460019673751761
2.668519088556785,-1.7556567943947803
1.003456619553937,-7.46019138890696
-1.3624453428592829,-13.77866809667431
-0.09774244075857186,-1.0591148807451642
-0.7798685070673681,-0.9344747816668935
0.513230338079186,-1.929335719503312
1.6410679632868308,-10.314990730147377
2.557545467993388,-6.9371173388828
1.562322148430125,-5.74181426307491
0.5973335750645572,-1.1337986347774507
0.06590007177748936,2.5863855650825927
-1.039764541554061,-4.05394763936021
-1.2799010853533508,-5.442506620228656
-0.9640621954792237,-4.063329221678796
0.023227230817665312,3.2751919070195834
0.4428621422866965,1.3421755686931207
-1.0257449415295503,-2.9200673103376835
1.8426425480018986,-7.999458204955889
-0.11174876878756512,1.6481800993771722
2.809831891736624,-1.288521903885934
-1.4499713204551776,-13.13843075209855
-0.7356604305468155,-2.9315645843970706
0.6562572859086342,-0.3283492870143352
0.7709568606154082,-3.965673935954947
2.648560153712924,0.5196150223842864
-0.30906180952768514,-0.3341783721898115
1.509155743988046,-6.009292505179473
-1.342613992767671,-8.803772811277003
2.824532415484053,-0.0023147684185038653
0.7648750221462484,-2.846453731007658
0.1543572772597983,0.35470487833360215
-0.757834357955296,3.4197263206838473
1.3690174656195584,-6.548180817994768
-1.1987520405445222,-7.143032323577382
1.3998562454194037,-8.23031637736471
2.563333503035482,-0.8559133028214525
-1.9755849730313773,-28.153911972667352
2.1492821912134623,-5.932104224955131
0.686989229676743,-2.37776766219932
0.1086527299562996,0.2442651992408626
2.6503210528937986,0.12477277323105884
1.9310847111533667,-10.049338301459027
0.5097916448163105,-0.8162346872817419
-1.2050200292561217,-5.818515758768563
0.21177599912385325,1.412348407630668
1.140011423675471,-5.7263406888848865
2.3872531310414224,-6.340395366968519
1.5782350351406267,-6.228317343959822
1.661589317108592,-5.257461569842842
-1.1308308508271918,-6.65291236836294
1.4025945248272031,-8.07855853496489
-1.1780086570415675,-7.243141135629772
-0.9333352573311764,-7.072822007984833
-1.002374628679094,-2.2207754325215365
-0.5631381818320036,-0.6628563432383073
0.8007833662028019,-2.390956088772373
0.5209363675093757,1.4714280347630897
-0.3911742411948915,1.4661389724660707
-1.7189338907257816,-21.71960632483719
-0.7142787245362259,-2.1128443727855704
0.5085806111050961,-3.0763783959912434
0.2789255811148319,1.232168951231192
-1.7469690210227449,-20.76597049263273
-1.4452689105043723,-14.986000777709739
0.21490876169829587,3.9234986660668483
2.1943840934239605,-3.9543196398940808
1.7715955227810034,-10.183469438167801
-0.9174520900315528,-3.717645652300131
-0.668466494093781,-0.9839463830862059
-1.0357341530882356,-8.336912678354473
-1.7045889933538165,-18.053897392779042
0.16679852834753817,1.3775896699657992
-0.7681197606129984,0.7754140757670807
1.1106144289836264,-5.110027857090876
-1.0432892918540269,-4.123646824375427
-1.2079976767462997,-9.480172205361734
2.5797856470650986,-4.338185479112533
-1.6513127030769985,-17.13537546580528
-1.4758385935797973,-15.04015798758807
1.1695904719412438,-7.074111802228201
0.2732957141825376,-0.8652482209874479
2.074506332353904,-9.711445870786957
-0.354697407415026,0.5202520569183047
-1.8402112646770408,-25.419363211798466
0.2575672833005713,2.0618378102043047
-0.4056604196205069,-3.011472852034755
2.208493107589942,-8.136252002947536
1.4193341967570183,-6.010800068886031
2.6596974666176525,-1.0365766530179534
0.2742559817497461,-0.28571672832014366
-0.8236202373068828,-1.7710014214207344
0.09635818137557628,0.7008066073791817
2.410571499281011,-6.0233466277170615
1.3080161123178078,-3.508756411100259
1.6854500448105023,-7.974244204586606
0.2883859472984627,-3.6464453291310654
2.0589886521106813,-4.896276326097424
1.4487451379444245,-2.8064508666957564
1.3717337826698053,-2.5044129684344654
2.7809008431371405,0.6788680738642934
-0.8852103623660772,-4.941390999983227
-0.7281552546992358,-1.6487122508236558
2.923109472879231,-1.316143402700559
-1.2208068068425286,-7.363397817921026
-0.6435955289122308,0.6004171860909674
1.5063664546759679,-6.378529514841219
-0.01722288072887257,3.927669320569428
1.6737911312115026,-7.515665159718849
1.692454324974615,-4.390872165376342
2.480224758814125,-6.298927054415023
1.762745918131377,-7.434898473760238
1.5863825237108244,-8.094248178553936
1.4197301156090827,-3.908656043221349
1.469766896610187,-8.524382114039131
2.557577591489829,-6.646027000812111
-1.9452746364022604,-25.351854388461565
1.230430321778846,-3.514975523585683
-1.3517195377858453,-11.09361559460447
-0.7622258903265409,-2.862783101968704
-0.4131554743736907,-1.319918491035022
2.5131930275383283,-6.919960120104935
1.030782033491064,-5.348132062252166
1.2528200771504818,-4.537579005009839
0.3672622957635552,-1.6235005523807404
-0.744711220409821,-3.08758075058613
1.1377670313091333,-4.032840213613901
-0.977804705762793,-2.7648425542404036
-1.7693003952380524,-22.149574745915228
-1.4055992137977884,-10.62181004275184
2.827341908148929,-0.014877264961755454
-1.6310006247566045,-20.459024546064015
-0.6948127648671591,-0.7468995887122629
-0.7582376482647688,-2.8673828987157806
-0.20028429946039594,-0.7975141713523133
-1.2559008159671512,-10.65584240055169
1.3605089944770041,-4.599790862208189
-1.3747075200534502,-10.733853324810076
0.9863976750567374,-4.473905309760392
1.3475991279677109,-8.465336304682864
1.9305758068265217,-3.569565298585515
-1.0964268991965587,-4.803789143024324
-1.8041085763417262,-23.428137764323743
0.48696822398475836,-1.208672365455859
-1.6083579794969216,-17.158225076973086
1.3662680557661813,-7.339430034249838
-1.3494840028166366,-8.733341345182179
-1.9830715933312297,-30.837572602459804
1.9624331603271088,-5.67656538600959
-0.3870688436491796,2.8951905863991043
2.6969044606228083,-0.11236707704053761
0.6229494147594563,-2.3856682127824747
0.018832647600892205,-1.509598229968343
0.5745526143806541,-3.9844829540903643
2.208725173054294,-9.436955361155906
0.2216501190419482,-2.4825896069644857
-0.9190640477786565,-1.069462418903071
2.5136168750450008,-3.924960142731878
2.36201851366629,-5.51827784566343
-0.7693047098160175,2.725427891975878
2.2412857927885987,-7.511229779608655
-1.8205322790369083,-24.926338650971964
0.36339928064415616,1.1711934804243633
1.4303190902061376,-3.641029740351824
1.7710627790794486,-6.350164125303108
1.743249411218045,-7.409989652076901
0.08913198989836557,2.2651008527858125
0.8601924337918483,-3.65751401164771
2.47178321351784,-4.187103277982031
1.6864547320854122,-7.601941495656238
1.6908713739474823,-6.884733694565248
-1.5371180127094952,-15.179824000852866
0.34055348408297537,-3.337716938596706
-0.3126319461600313,0.519045898208094
0.14529823549137522,2.695072194095953
0.26594336512444183,0.6996000353196951
-0.4502407634092065,0.9468375495174122
2.8198458824225243,3.526932333320036
-0.45827299916821085,-2.0777908331657633
1.830995646889448,-6.4989042686633285
-1.9780739861313843,-28.42417707381475
1.50749699680869,-7.3753607706326605
1.7722429082958975,-6.993815093600069
-0.2602147133621273,-2.226267528347135
-1.4581915842429387,-10.016195811441381
2.833588556856567,0.8147713974596854
2.0991102181969516,-5.949944167609615
0.6626076896919355,-3.5837803864812634
2.6611472947823103,-3.6191404727680485
1.4650554501391007,-6.873097471230797
1.744260678530119,-9.367682346868492
0.22595279698594695,1.7864429659844323
-0.16439328418496135,2.8120501317214703
0.573023695203585,-2.414992416417984
0.748567682180779,1.7289597702849084
-1.5826232429533498,-16.50135370468035
-0.3740047064199512,-5.197882047831446
0.30205288566932564,-1.3442434230987392
2.794885817055344,1.0573170356127286
0.5558920285888331,0.2745177791552398
0.6103126695590322,-4.23033879548101
0.9893641615979751,-3.247234994346786
2.174901134712547,-4.463947674989034
-1.4750268625433791,-13.701905160042665
-1.3778935393064233,-10.448419279619149
-0.9294388568453313,-2.540264845574934
2.978696780905839,2.8655126254137326
-1.6712277654829204,-19.943210378059327
-0.6392059539772186,-1.672085207677424
0.2653635002520609,-0.4769430874540461
1.3986567257022826,-6.678006219530058
0.31389377016640907,0.6458026079473174
2.2339457459826715,-9.642464559439269
-0.07298240393539368,0.6301976193820291
1.7433349526742976,-12.086809656272411
-1.3619242815929744,-9.323741889455025
2.8645828193039122,4.079954856531948
1.693284362986176,-5.518910043495731
2.284703129140949,-4.458076061521968
-1.0997937605760115,-6.382672296354821
1.3422247304361523,-7.153520036931068
-0.375101584449951,1.9482113245924035
0.31745190507866017,0.34360602578309046
-0.55990304007527,5.875476714064651
-1.871082038139742,-24.14804436252396
1.2467988426929901,-5.572669321550533
2.754590339783759,-4.897854427360318
2.2403617942695115,-8.170268145602726
1.4373710227584677,-4.6145598599627515
-0.3095210359128646,-2.2003382393765203
2.0684447877021706,-9.472448540603143
0.5654552044388463,-1.9802920655378902
0.4251622776713533,-0.9986015346553765
-0.9985481779302039,-4.4207654976006285
-1.101808332906867,-0.30792700875267176
-1.3024792874522555,-9.949098092895479
2.925051292648843,0.6879677551181849
0.1810442117634885,1.227957522190604
0.0486860451533313,-0.8731655624977536
2.6984555447130134,0.4501514424666597
1.3358158009474814,-7.827156413761333
0.30571427894964653,1.2848073741572992
-0.23021771957549486,5.062864621332262
2.647055955495153,-0.5268907322126668
-0.9837348801499557,-3.6279791346886516
-0.8740450160789741,-2.0898991724212133
2.7470487474191643,0.20433983426681224
-0.9852523562289437,-2.3214773596098173
-1.8447915507338353,-24.91274663324606
-0.7126373858290878,0.27530451701839653
-1.893523038910913,-29.74890380536079
2.422781879503434,-6.8968264196841185
-0.7480206322162064,-1.6807014100885234
0.4232691957858443,0.09665397050289715
-0.09862399374964403,2.2583633828306593
-1.4482064726369286,-12.047916280110854
1.1870504129951245,-4.254110754251999
0.17326237043203196,0.8768175620073803
-0.3724743012457692,0.3331065384947629
0.5005855520337654,0.48806383545147414
0.3627579425469767,0.05780072620148402
0.7774053302160198,-2.936733699821776
0.5361288842418945,3.1933977184802873
-0.8000589830498999,-5.274967707264354
0.555796041451619,-3.353302690150707
0.8175412079844264,-3.79580536699054
1.5264629607181246,-5.248263442802763
2.295960429833583,-7.151702479147077
2.2626482659678357,-8.376884289721025
-0.36876607405688366,3.2258540909327706
-0.8088158186387233,-6.38755687018959
0.061899408759538144,-0.09355598973371693
-0.9000758021609632,-2.8509092764846886
-0.5353358785621198,-1.688276342396122
-1.7656014479324238,-19.422979096932355
2.3613369390198393,-3.7349899857794338
0.3402320684440574,-2.4502718378675277
1.6015501024405645,-6.540012529393885
-0.9907686723814533,-1.6559961277603077
0.7423806454527284,-0.6218375953762525
-0.1543858097977524,2.1629045040643566
0.8920892862452474,-3.4341577375021974
-0.42684224480928323,5.438892096045144
-0.6123926653724041,-3.1608721186084625
-0.4894461558668588,2.581043212298275
-0.28968984430698996,1.8650953098946914
2.1582560078687294,-9.198579111882616
2.777803648743438,0.32713732192413947
2.892411859986587,0.198545666622584
-0.3951782669274184,2.1429418439797194
2.864261623548029,1.4612620696950471
1.6511954399920121,-4.297996468612028
0.7041882266026258,-0.47404386376645213
2.3510440083718134,-3.832327255547026
2.8637992318085557,0.7686519028752485
0.7855718331791786,-4.373407637631113
2.5088394421880125,-6.009180596228593
0.4793402685367827,-2.732219954003934
0.6421939136333235,-2.0339341313332455
0.25680367301346774,-2.1169065249946977
1.3953075970612776,-8.334962008729617
-1.3967757790934643,-17.13723771574491
-1.4065386834303533,-8.453341061635962
1.3988261017883303,-9.419407845299173
1.0962287127186499,-4.634277483552489
2.809532663706391,-1.6094582651449458
0.047120287904978575,0.781166551575097
-0.9587114011625939,-4.024930781043368
1.1230443197117497,-4.89212465511058
2.73155081902025,0.16997043417883884
0.09277791921926593,1.4335532802532014
1.4211849556689011,-6.982125662060833
-0.9691100803047541,-4.260581730088109
-1.0137774135831839,-2.7826076817885346
-0.20685442164469992,1.6415456147473195
-0.782248742452345,-2.5445826266192215
-0.11364858192794691,3.3915793821044353
-1.742942355179554,-21.902373666369705
0.22491949391827637,-0.17296600368961357
0.8338836293083935,-5.392693103118944
1.8536030533626042,-9.129274608919946
0.617906800676499,-1.1300614135843507
-0.022284863954700196,1.0337824392959811
2.9479941782624888,1.9827083321861854
-0.49633225669523595,1.383091896690921
2.428124492519956,-4.387383488073821
-0.5100066437617039,0.15563082673722006
2.568374472638281,-2.55441859784096
1.4252800633422997,-6.718441147538294
0.9045717007745382,2.405293219528575
2.024767530338707,-7.465179910384346
-0.059835183734945785,0.6792122315824297
0.2887159181751562,2.1917916841519327
0.9996498633970954,-2.5299616211938103
2.7773132595739005,3.4007425585638957
2.4891926261913735,-6.185960492836927
-1.5990049693076684,-17.897528745759985
1.733192057637349,-5.461850782065332
-1.9984611797116296,-31.69240359645877
0.327594640946705,0.76285973658655
-0.9799209038927956,-4.031396646213669
1.6327440089408078,-6.607487312951314
-1.9943026067472962,-29.622708638144985
0.894259986006694,-6.5191093189075495
0.10092391852588545,1.6632595004185886
-1.3133216725901835,-7.606491709736289
2.1753521449362516,-9.08298856065587
2.428374615035821,-4.037769184649596
-1.70739183645698,-18.17276532991976
-1.347266898819473,-7.085222706102372
2.616178429380441,-5.3901032732286485
-0.8453410537371979,-4.512397192081526
1.7037917229301662,-5.226964821966938
2.3989774329263893,-2.479983107662289
1.2184005412744536,-6.045678126881402
0.38847157097006724,0.3252981134075781
2.413363427770804,-8.736482261275096
-1.4122299389240738,-13.255538630046535
-0.2834804367327868,0.11841951500384562
2.26771134080154,-5.099999052139395
-0.6558267989123283,1.2526710357276423
-0.7160997443545851,-1.8805062409214959
-0.03378476534763841,2.5067579721952575
0.7784686221458688,-2.3943970074649963
-0.3592382632947626,-1.7502698460453656
0.8229183187432998,-0.8573441764901042
0.8848904415055405,-3.9275797754507695
-0.3449853365350761,2.5873415869802594
-0.8569979724179433,-3.5185174212181236
0.03925826123604326,0.11657258401082982
0.10224611659507854,-0.45420963456786523
-0.41539278504415456,3.117740939420578
0.9287043182318189,-4.854101432716092
-1.040703650453667,-3.4465678322924287
-0.15990060616487822,2.3637319383041726
0.2756092347536967,-1.3253516474161473
2.732856095960911,-3.0397894180108533
-1.6188149089865642,-16.377881338832204
0.9764779848382577,-1.6553392559713367
1.023850861705859,-6.828335044744714
2.727480949355206,0.6952711588282663
1.9420015254521896,-8.683253736162749
-0.8307134773672997,-0.5818807296464146
1.0266312754305993,-4.0864045501512125
0.22741665180437964,-1.9592853488210094
1.9837263966220195,-10.148129762016534
-1.0945650554300073,-8.971291082292435
-0.3932709913015935,2.9613390813164298
2.956705399332842,2.562168494030415
-1.218673455884891,-9.645408482741967
0.87003531435851,-1.4984938013276172
-0.7284090272021797,0.19184670507112345
-0.921334159282448,-2.56909961688467
-0.12297556874787174,1.69240374788256
-0.20135996542039392,0.23929268219843347
-0.9676139235321988,-1.9006633510036344
-1.7217832498883743,-20.29339727190053
0.9872931136486249,-3.073015513535119
-0.007484303560399752,0.9757351755284913
2.5886375109954667,-1.6651075122946084
2.6267089691069128,-1.0904433627991903
1.9340814184429402,-6.591203249966259
-0.2664115363824342,2.6505035779432027
-0.7465402985647871,-1.9954717000076103
-0.007378452880199449,3.1150393939734107
1.7385369175755194,-7.3557089270939375
2.2719222924225084,-4.315686358788348
-1.9845814135527333,-31.496638317119174
-1.9851304303594617,-31.876982055572928
-0.8260090210045488,-0.25660412891254203
1.2589330731571051,-4.826018153326465
1.0989404117378463,-4.858861304470573
2.2055311830889224,-7.013966177684841
2.774590196277159,1.8801772452785812
-1.7932113213209608,-21.99917013735999
2.7712361403199184,0.5799340196447421
-1.6634706849931957,-17.49210782131234
1.2380383863371516,-5.330565174485446
2.835012849632923,2.066875945699646
-0.7187919842000428,-1.8507079346347992
-1.2661528722862334,-7.376492396432095
1.250792510515852,-7.0237915697375835
-0.31735301586161757,-3.3440052451981535
2.0834369378227233,-9.066471252101298
1.415843377414574,-6.4155509792127585
1.8646254041761234,-13.567018006024274
0.3147175529371635,3.134318293068532
2.3830559442107138,-0.30363001703415016
-0.4451378073959287,0.42052696473844947
-1.4263441168046236,-13.696953219652974
1.3493436615793821,-7.32794628944246
1.6267067650917557,-8.3784915977675
-0.7527195589820388,-1.618225826843381
0.03266893778191138,-3.0527959220042744
1.6197367147426251,-6.914524527979596
-1.393290560683305,-12.784375176625689
-1.6958308781644869,-23.289217775251554
-1.9961896468774287,-30.905792451890843
1.2768845356824743,-6.688106038908572
1.558450891721185,-10.57190416330978
1.1772856444485562,-6.056751301737641
-0.00992755778256793,0.30728076866868237
-1.9294269102885817,-26.78135810546659
1.4551370822827288,-8.130788499628187
2.8063407818988964,-1.7809977083868587
2.799908220981953,2.265230106830257
-0.535262212148178,3.571621958357727
-0.28394883029085527,1.1210078875971823
-1.519190830151426,-15.564611716178463
-1.1624701193496243,-4.154121383072726
1.1442497919711694,-4.964359756449004
0.809763137034103,-4.716733841168332
1.7513104883619026,-7.858401998430019
1.3413767061029502,-5.054912868178057
-1.3720718585993334,-9.465138961363216
-1.3318046832885648,-10.51786777375673
2.6877867529951684,-2.9038023304056972
1.5521711217949687,-6.549865139533482
-1.8314743336471682,-24.79391134179564
1.1584002696248437,-2.8197638256823887
-1.3551074455056071,-12.257712563564176
2.7121074756903463,0.0139247734422554
-0.09753349980723058,2.362374842184792
-0.04762989262126749,2.752440062123311
-1.3032097832037075,-7.433834069227563
-0.11875089778388737,1.3565826328087747
-1.5107800597553283,-15.786550699716416
-0.08896777094136876,-1.8057425072274942
-1.6156977827650487,-14.808983921493756
-0.6006363706223126,-3.002123332144083
0.5148028226046177,-0.09050795529800604
0.6648192117290992,-0.2625160260499093
-1.0967143681812042,-5.047542964690909
1.4198183110072393,-4.483383524312439
0.3969222916037731,-0.5230248555225522
2.6652597731860173,0.21429022349177673
0.998734518674957,-5.509472878617503
2.037331489929322,-4.956585698351092
-0.11893398623264484,0.0621996390694306
0.8114153595943607,-2.7174429066308443
0.4935353291136133,0.06497856894712584
1.366792450272932,-2.7035801021321286
-1.1409839361613665,-6.6183636401689085
2.2008535585884452,-9.27776678707964
1.4189362753414398,-5.069132110664503
-0.42699130092347604,0.9609249879517172
0.013427558156948294,-0.11395753565923494
2.743800099162426,-0.18838004331288039
-0.6781708036169221,2.471749149828216
-1.3222015389089092,-5.136987151973695
-0.39780814089293615,4.501225143156547
-0.6683304470844735,-1.6301730865258666
2.1339947695570203,-6.713924793792409
-0.3485106827036182,-2.22148477897765
0.8444837391985449,-0.5453789283801589
0.02175951990519298,1.482882654419409
-1.1932609898183726,-8.107650444173252
-0.5038234370585553,-2.1302727037898803
2.989192410819415,1.070347326935377
0.1694075244624771,-1.1310373618021707
2.5954058630380317,-0.7615755942742766
2.552541382390644,-4.044397691884605
2.461888094264145,-3.3086291416425087
-0.012720461416918294,2.9361077205612114
-1.6388393182221428,-23.523828691509006
0.5998856902562828,-2.9170564590354218
1.0891994608639974,-4.545087028237079
2.994187502711215,5.294850062377725
-0.032366385164815714,0.7456121505968234
0.4443209523725331,0.419552210461676
0.5936943702821758,-4.991225230049438
-1.9391106392562545,-29.313354697767444
0.7953446899551873,1.2829857968207241
-1.3775787971528224,-11.704427505602064
-0.5486780490303675,0.5037124539347855
-1.582842420370108,-17.64766729211502
-0.3333299471607263,0.4496818272091492
1.0643601214904197,-3.7092026231676316
-0.7772820858835943,0.6438930596884966
0.7270226810855696,-1.4728104547955299
0.5136377584049407,-1.1372975068602273
0.6694303985541703,-3.799894381908466
0.8074326060489163,-2.1943393733850525
-0.9084184832051305,-7.497030830590898
-0.10336060952167747,-2.25324747706577
-0.9743068635478447,-3.9322374880031594
0.0549133217775335,0.45672894941020536
1.685152531245563,-3.1045647911797274
2.323965540072807,-8.341894208263989
2.3747060350119575,-2.6561533541369715
0.5418110737251713,-3.2912274534609254
2.386909182527888,-5.9360866596352135
-0.9394679641506547,-2.6547343071292957
0.22687690912035618,6.186217385953122
2.8448235714115633,2.483978827848551
2.7796426283731854,-2.1557038047340504
1.1343712190941835,-6.098224959202285
-1.2965794149786152,-8.417408588195084
-0.18808290903187075,0.11288143044647803
-1.5656881397033149,-14.262601427921425
0.2581929251126325,1.9473840496357484
2.489244876376695,-2.4553352551452043
1.9433159024569528,-8.435609656711867
-1.2418550969681839,-6.556535194907
2.776082744504987,1.4822404752384342
0.04749439144876488,2.3912493477320647
-0.4318313541916301,2.3306291542972963
-1.273920374955416,-9.73781770574693
2.1500513720716867,-6.915086912779042
-0.00300470526874852,-2.805595733221235
2.2705342812317175,-6.357833711521504
-1.9799751257470577,-31.399488119898102
-0.040566273624242255,-1.6006107882150764
-1.0025304949362357,-4.063447638463288
-0.3702649367434834,-1.727007517709528
-1.200178811803299,-7.3626610338461065
1.348530765385691,-8.017570768911899
2.718135273499003,0.4348669681084336
2.838051679500265,2.426939861489278
2.0824487923700348,-7.3843298738645435
0.19331543281091612,-0.09491397170415483
1.312080176941092,-9.919967748792871
1.1447123209966743,-0.5080425206197532
0.15713458140626102,2.384954193328384
2.2351483954757514,-7.566072648996894
1.8324326134559095,-8.176249118818964
-0.43125841946246846,-0.04617620602121386
-0.2279644557086269,-1.8912544298073832
1.6323463155995501,-10.839993296467089
-1.675012472357984,-21.313078132794484
0.2640937080969401,1.0805137348486713
-1.1601307338538023,-4.331940775783737
-1.1851268699204436,-11.322688133885784
-1.409796829219792,-13.477889025214374
1.6285473046388472,-8.38516486045049
1.0958736653158359,-3.7784114883444504
-1.4693520934971986,-11.683386601088447
-1.4734169846066107,-11.247677845474815
0.29275384750760214,-0.37817198594543344
2.429701868183365,-3.5303838501248705
0.8644455028512534,-3.064351849416079
-0.5550152133646855,-1.1883834202640309
-0.4459880209188247,-0.621046556168732
-1.6866417729636578,-20.473920689972555
0.034247631153587754,2.6264517949872466
2.6567588538852025,-1.525625916248341
1.526820774846255,-7.1085993932409695
2.226583926202651,-4.906286816916986
1.2084573966658478,-1.5392537907709172
2.924324568255158,2.5942822566921038
-1.408286781844653,-13.268440750495298
2.0318536404989995,-9.767515105249705
-1.0481512223575304,-8.153571280344245
0.6133256774028073,-1.9819923778925799
-1.2825637593349835,-10.285918831715836
2.2985943988103275,-5.769207871742742
-1.583045809801984,-16.4128037190899
0.16619823622676355,0.8280161721918651
-0.21088747404934693,-1.8392366482542901
2.1003146861092894,-4.36148712815811
2.5564557444584928,-3.789837970403337
-1.0059150323115418,-2.2782425310982264
1.7932228735552038,-5.789804217556952
2.388251323033053,-0.6515194093839671
-0.21218394675757146,3.0220092887651298
0.7843748088415117,-0.04668219816987085
-1.0767715521777748,-0.5560100072904994
-1.3154720620900933,-12.001253359586158
2.2484078983541176,-6.619485973468883
2.8201009294053456,0.8002025179098775
-0.23214830809636422,1.8895768925445475
0.609543232067125,-1.4039266323965454
1.127216929395717,-3.159776856494558
-0.31205830198963946,-0.23768677147307504
1.7068784658579363,-6.468715985274844
1.7162587110566614,-5.999638198353464
-1.548006900724089,-14.95123659796054
2.943570455370973,2.687726586642277
-0.23766546869394212,-0.3656237248225911
0.05216000783966068,-0.09063928730032622
0.6799710907755641,-1.072065798104156
0.6184260480394035,-1.310883876597782
-0.26913829892431274,0.26120763693394466
-1.5938819630698058,-18.772883273022586
-1.538368820262511,-14.7056111442265
1.432659667533212,-1.763153586001228
1.081061740181989,-1.8938268123184927
-0.03452943079721815,0.41750439273343787
0.5159018604173449,1.093901097317449
0.3067412231235105,-2.8885524007827854
-1.2464169119069262,-5.862417793270371
2.986561575481133,6.201936692052712
-1.3874866940670971,-10.151683729858645
0.09952013622329181,0.025094560004528255
-0.4471922716681891,1.7146858413114685
2.052758024296793,-7.014242327288528
-1.3171474932644567,-9.320359468570018
-1.1805303647332455,-6.479985287618482
0.5535739679879068,-1.0775928847270246
1.3312374786179606,-4.527388440064462
-1.397071583120955,-10.294829053883996
2.491341530504214,0.29947189320106027
0.6023269819081287,-4.936081145564249
-0.8421266513861874,-4.279923345053723
-0.0031909422169145163,4.3729282222107635
0.9658242463278546,-4.505447853690611
2.322209688707252,-4.134438459152246
2.6082431621690088,-3.1194052294577435
-1.0155481540568516,-7.812103675481918
1.134785175631039,-5.32951429526811
0.28716489918655874,-0.5896182890651255
1.7528226904475486,-4.10564981301716
-1.0767638875757313,-6.043756815491901
-0.7394960130125221,-0.5536010304738412
-1.5429875453284985,-15.957150586773638
-0.2067616524361675,0.8465519404763092
0.16652702678119935,-2.37259387394856
1.8404372933678022,-7.732572531700754
0.4608186745532068,-0.040398913120875735
2.6552830803176573,1.2307424618671141
2.509881491286679,-6.585312343846363
2.8534563999091453,1.6467682510141968
1.115849150597208,-6.651507787886506
0.4943854675420081,-1.1268529290156755
-0.21229314474190275,-1.0324575744436473
2.72070692786052,-1.8990978906868612
0.335633645451467,1.8278741468385193
-1.923965216915596,-28.727459057801315
-1.1890362528114427,-5.7357827013110025
0.5085561917443315,-3.3396062677136014
0.3406843093313219,0.20689839654686382
0.27637093385444444,-1.0901031947735618
0.9958651994445407,-7.315779619503376
-0.536506768465622,1.8427702373032815
1.2596970409911394,-5.194863393607268
1.244064914821894,-7.681344622795505
-0.8893610003717956,-0.6778356942768458
-0.508214246913977,-3.1958821182611308
1.2627150225055739,-2.074812255172521
-0.06324032407557167,0.2792108601426171
-1.0990758016951134,-2.4655308454619616
0.5089979377635983,1.460296551598772
0.8719429225023676,-4.234736839117358
0.18232834843866907,1.7886724448187814
2.9738366601703436,4.73538857321072
2.3080632804388124,-5.328198230200149
-1.1329020011705002,-3.741625145706015
-1.6742013288089945,-18.820680552032485
-1.26469147127423,-8.3932514269412
2.69736872154133,-0.9037695442918838
-0.5786119203439752,-5.056160077435098
0.6503023135516597,2.1354208759519757
1.6929015763094348,-6.656528863862496
1.1321530679374092,-3.161504875866436
1.8055781582611479,-5.83358063412071
1.1279345783918657,-5.446934113040664
-0.16078006139619005,-5.014421874329592
