5.759722615990302,1.1976000828641378
2.6192266419733135,0.4638347101945416
5.195389111416029,0.9518237421967706
9.043429580233282,0.47471499620872415
2.8610083958915,0.669182860272427
9.7658641341415,0.1505482401821384
0.7401235698785824,0.17795366566901566
1.2563170657933853,0.18344072430439237
0.11981543882487289,0.11842313899340626
2.805631114858642,0.40432102612198884
2.5942729313641055,-0.1823311991626695
9.902624377675526,0.14034645300772072
8.931286684410523,0.39262884538373477
2.934436835312484,0.5030702691519915
4.700283928180279,0.2182285668275314
0.9049076532996148,0.3592974765786371
6.079707482346982,1.231849166050527
6.514276930811278,0.9514098267799482
7.144532905774039,0.19417032031886072
4.356175924235074,0.22879258501142813
0.6362273591858514,0.24556919454733583
6.671064024121167,0.8967086199277654
8.154285795982688,-0.2391024785975078
6.310369223956119,1.2075893342114983
4.168510285377528,0.10148490454906411
6.3322453713705045,1.135421166927374
3.2496654617421283,0.3082578021408465
8.579132968617909,-0.14958868902357803
3.981486232655497,-0.17533667923465718
8.04643845267084,0.3364746968105763
2.684024137325655,0.34102219602815936
8.741088064121078,0.23245329921054209
4.604316273536019,0.8099522577005351
7.7556486751965075,0.5376248576552363
9.553997591143373,-0.33357568754048755
0.5983856915537411,0.07428183950242609
6.540930015109422,0.8985670730733188
0.5885733259613601,-0.15601186952219984
2.1020628917523476,0.38423878691051044
4.821788002428238,1.0033101240709685
5.541264287901609,1.2537754439608764
4.410425809576263,0.22069094543027482
6.310315963525878,0.810365914074247
0.3646467782541696,0.254699841439453
5.717156560224055,1.1798329376483876
2.2676469086314865,0.3136817931020315
5.414443070786826,1.2910169540340726
8.638117946629595,-0.10960093789124534
7.894950857191626,0.6101148765696466
2.6003208572725334,0.26182106322927334
4.146269997514174,0.30178530775424334
4.974359523447356,0.7232919884233838
1.6980941630671398,0.6794218553270854
2.7753776827113894,0.4561568095765941
5.7067596676538015,1.1748351417321656
5.990511723707948,1.2676940941171653
9.484529235882459,0.015999048089911056
1.5002056312362777,0.8224479313187958
8.447021440238537,0.1479519571217026
5.91171632749126,1.5369287435071948
2.919146883560545,0.339576323213294
4.338927997318164,0.20039849782663446
6.684848098636502,0.7269031687126153
4.923057294357969,0.62516207353707
6.655334531859275,1.046695716704573
0.8386627120270773,0.13043180211817032
7.694776147071243,0.2366911002427101
2.208821896369393,0.628399099382319
6.043512511286929,1.0943008046815952
1.1535449823461241,0.03859322822541136
1.1906794175942759,-0.025076583342067527
2.519460150617967,0.3743730312946674
4.855071086755871,0.5844908269837399
0.7907632099282669,0.44819624727947416
0.9028099094167097,0.33311693816856147
7.600717837134239,0.19593568293766847
1.226007043707651,0.24116914374336756
2.7730805658621716,-0.06538755269299501
6.5980216291235125,0.9158647472821112
8.730268072595784,-0.028034125346194993
0.3914605327654497,0.3341136597074419
4.036697613542895,0.24672281498817852
1.9854973747107374,0.11138870140869
9.223527090722518,-0.14274533562837097
1.856120286978955,-0.002840224347499476
2.099842558611721,0.5665853971053352
1.2291836600207617,0.27352054211520666
9.81411780563703,0.01640849659002944
8.636467534692704,-0.08509723014099292
4.681643568560406,0.5225645770163201
2.675216696047853,0.5189269009321349
4.694566233341632,0.6161620883850497
1.7670027587566561,0.25684014027911306
6.021647985753617,1.1340453550993705
6.9917404505954215,0.8090618140215777
4.240177690508994,0.1849248862612692
3.1626734976492834,0.09220122069242628
6.346991296444001,0.8086255212162975
7.711191101220701,0.06774971179930939
7.827196108575064,0.35611422098137113
9.488224983083315,-0.05344194602441499
1.892741568926175,0.43707199322363854
5.501282441471983,1.1843168640653376
2.1485813957370237,0.23380379955617195
3.2038574768783445,0.4104653971697373
5.020716304458751,0.7716218944788361
8.440730901450799,0.19489411751441596
6.851124116550304,0.8239388405265312
5.931299491185673,1.2388423279497145
1.4286470811181795,0.4888673659824392
0.40371184782254765,0.3579923316625644
1.0340062936340466,0.2910545599443528
9.793043721848209,-0.3897705025339985
5.688479112856545,0.9484725030662613
3.981816966107105,-0.055700789410201235
0.13881981608984018,-0.14436979605641587
7.809721783165572,-0.05294721591744636
0.5209001748727404,0.048517844272834884
5.299096468748564,0.708411645254992
3.151297945070529,0.1979446990477317
0.24293693204256117,0.43006788042047556
9.854664187161667,-0.23786465288273698
1.0198295856788986,0.19612395427682397
4.717490316573933,0.6822490298064278
1.7227645022961113,0.41363962952500655
5.638206503906532,0.8553660634094915
4.943810694720028,0.6519881163875012
7.8581669555525036,0.5649918825977879
5.667280288148153,0.9504822322678186
0.9474194707887651,0.15080597742926666
8.172227965112151,0.4622537261097275
4.517269931067693,0.24984573938025995
2.806142847978146,0.014604162224089612
3.963386988417702,0.37982805936821784
6.560774409539731,1.0043558655453444
0.9533218269576216,-0.05851329237696204
6.166704939477439,1.174725411029233
6.903269088299179,0.9494155229277255
4.1941866024138585,0.16534781427362708
8.399518803421454,0.18016576862844425
5.262910682389333,0.9866182278742118
6.504420272209116,0.5926455220950289
3.8677474141736146,0.7272904243986825
6.540842397926925,0.4428538008575589
3.295456498641843,0.17539980400234711
7.291444545597256,0.6961206286663122
7.077587325044266,0.7023174517682766
9.3940359821611,0.1848261616117662
0.1182625509637436,0.04695144474488146
5.74798396827882,1.2920266568708951
1.378772047873844,0.501161317690976
1.4026556115617328,0.3769112519681225
6.142867468294611,1.1077931091902764
6.532935513754495,0.8965600462476873
0.3086310605597187,-0.028429363099468724
1.5713979177289383,0.18416300631887683
8.551555615984842,0.16113542318277965
8.980108442445346,0.07411699608625662
2.206887840216034,0.5491114366367218
9.72286845676085,-0.016273040773968437
9.282942589354441,-0.0528919427471505
4.119247219126185,0.41819429629451743
6.389890402635229,0.8120970078157402
9.193161198771378,0.3631305492666939
4.205869929251311,0.3763207318670243
9.92124522396071,0.0006953518698934533
7.416880633263679,0.5326717185077727
0.31316843660266325,0.067901171890959
1.8792771094567362,0.3725552164707362
1.5162618554538998,0.7251171385534678
6.290162986575592,1.2130930437035772
2.316432903318697,0.3722795488025405
5.734570404490141,1.1491906746314207
9.32130679560309,0.022099437898257183
6.776303338615558,0.9320998591808188
4.327333173110571,0.21683293604976336
6.58037269084642,1.0651340403702652
5.037393267592934,0.6828928395516053
9.562238156832679,0.29584268750442594
6.663305872461091,0.9090324172073916
2.243381435990898,0.6415146247159065
0.10975179235469867,0.46127912086988365
3.8333520220403114,0.22609343447834565
3.1043645842752907,0.40955355434748847
9.08938959076272,0.16192601580537513
2.390485679933547,0.36434426028947525
9.08886799374969,-0.7950417209802486
6.736857392442408,1.0090872963760147
9.387813482520725,-0.0034293827505522986
8.383290363322882,-0.21692113654593687
7.478885283036832,0.3383239576850982
3.4701531235112384,0.04330480979261975
8.582818328485196,0.32204537163516
8.924019822924746,0.1649683639983114
5.30913761414779,0.9149525924690189
2.5904874162706424,0.19765660601670085
0.3827034406791352,-0.056003304843533774
3.642301002889706,0.35538332512348325
1.6809126956107967,0.37651093963460813
1.9005093598808331,0.3284806534176461
2.85747275408848,0.23167354984388086
8.56340463303532,0.2353919627423813
4.254614560822208,0.25937747724453375
6.054374105389826,1.0945517300908398
5.852206317358095,1.058323353656582
1.7775705798349994,0.2615046751332425
8.48640215725901,-0.09853394501707657
5.194757804201153,0.8549944771346337
9.563517823886082,-0.4956478027137222
9.503477918978733,-0.1895304213584823
5.997380610329336,1.0095654927305882
2.8547915360679776,-0.09573226483156705
6.7438802088542396,1.0354729516672987
6.917879906863865,0.8956336289643007
2.4973180454665878,0.37945256718492215
3.584005149038493,0.03355391074963754
4.420877067919835,0.6355018431833678
8.392916726128192,-0.055056572581563185
7.063186757717876,0.7616376827415164
9.076263279368435,-0.03534956046004412
3.931391351522575,0.3302733362360788
0.8453940905488166,0.16128385971973241
3.800394259297357,-0.23821517504758344
3.4518570075816535,0.12354366248604579
1.7692819897035894,0.5720667594324957
4.20174946919198,0.41612881088979337
8.363928774627496,0.4167140060709898
5.390237062958424,1.1393476882172928
6.608044306907669,0.8301682046223368
7.917474428105833,0.18218050270290986
5.111989246576377,0.6772100925128113
4.812517352950031,0.39682346909787447
9.808695627033577,0.15850671159623606
3.831746154705178,0.47220514564516747
1.0793840281572809,0.5290269955982443
7.143015027896068,0.561226735031473
0.8021851408054381,0.4663779970221146
4.489721716359728,0.7462949996167001
7.409699266132685,0.7190293179945455
5.192131972474183,1.0181309184728462
6.3146786409263065,1.3311210016582644
8.87919816799116,0.18599772904661407
6.8202931864110115,0.8678896377368511
8.86976129960727,0.06789300000628641
5.827694688197917,0.9615087147838044
2.9005724946550226,0.21785442195661342
0.7965240721515532,0.3737358615017679
0.25454522376509137,0.4007627095337754
1.6887766787175196,0.1905392533057672
0.26751645537096413,0.05337458582308451
6.5646302414156255,1.0954367572220074
6.248311713187552,1.1007755416195497
6.407495769730126,1.2129972567467409
1.2860373622052235,0.40300884777688517
1.03821762737487,0.26257427285729634
5.42051365216345,1.1318965601890536
4.326546239786552,0.4079778647490349
0.41233282776338975,-0.12506921420853334
8.328981995864615,0.051845580850603486
2.8441279233273873,0.3841193250579315
4.3144333616236805,-0.10195627719495803
2.1375489033942987,0.17631399529924024
9.128427778808744,0.18270307468835106
0.7380195740675433,0.28207875450956144
7.317094046621666,0.671382160429993
7.384107202367872,0.5902295466228563
3.0773186150252907,0.8249518810448394
4.637660378612159,0.5040665129997228
6.873837949468717,0.20554964529221775
7.92322117380057,-0.053982359949897196
4.051350360097512,0.24784603814451134
2.573357442401317,0.5812930738268219
8.518467517305284,0.16236081797515386
0.8415538276478507,0.05863173529553256
9.236425751974375,0.25261949565114167
7.021780927535575,0.5408122745940689
1.603825993106296,0.5113322678647624
7.285885176759211,0.5896816352974569
5.045721255630394,0.772153406189008
3.1854753603537276,0.17438410328506626
2.9778687609729193,0.33783363389399124
8.206046548643092,-0.1648633005058003
0.3150130796233508,-0.2378544961858352
1.7649912323598538,0.3353045111733256
4.531424782712464,0.34554057616975276
9.836651214542066,0.0073473628361163225
5.319492165339662,1.351459730879211
2.489710682376125,0.17708488863909674
3.232082495733409,0.08260678893899082
9.616240320714688,0.07457127515967628
1.6314358890103287,0.12164106219438303
5.607900063115446,0.8968751585064906
9.221708194421165,0.2687008966305681
6.137399281923656,1.182860373912708
9.19729482643038,-0.1861710113223908
0.837975562268094,0.39266456939904365
4.464392937849605,0.6045240769161109
2.250524571294318,0.2863518535675774
1.1394591469362803,0.36180692119270724
7.470180796088814,0.41112816234457833
8.101291367615094,0.19609019962005303
2.920123976113609,0.3491086226655034
2.426480230152314,0.19396073973182554
8.965677472885215,-0.11735981904071716
7.439738106256401,0.7794959096218751
6.094043236383855,0.9229628708647959
0.6078422494321201,0.3949885045671858
0.5044866603279241,0.15948582728630972
8.383123869424399,-0.04622505153098416
9.968869328317023,0.027389588072395166
8.481967112298582,-0.6434407861679508
3.0531553486944807,0.3633899155166661
6.089248093818184,1.2129776675385393
6.067810598956509,1.0935869561584042
3.448465239426243,0.16720966806814916
7.077293858292811,0.8024704222928565
1.3900070423010513,0.7610009959010078
9.970085237321157,0.3594340195644773
9.355627315549368,-0.2913405391091259
0.4495527612557393,0.2852192880175802
7.869793264559208,0.1146734870529321
1.0679666770562868,0.2635147018026016
5.943730868816029,0.8306528894531744
0.5773357270902657,-0.06984401729138134
4.823768703095972,0.8603465267890587
2.2077747017130376,0.35201238543332286
1.2868990100244981,0.20397317309484186
6.402733574026129,1.0858526068187189
9.678906183792558,-0.02207197513168812
9.380690315322294,0.0291146292296255
3.715083383877152,0.15922513751426207
6.328343687976126,0.8855164933066842
4.83926296014778,0.5612329446915271
3.3742126149883225,0.3081947616543399
2.058245304707411,0.4740149460793848
5.015664791293609,0.5942755088287486
9.03479378611973,0.18626621357569553
0.4851640449423644,0.27189930138031526
4.517133738431954,0.49615834870088416
3.7786370104625555,0.10433996086478142
6.228430185407598,0.904037785148289
7.509859648784561,0.12248729665341651
5.480148891124027,1.0080304921418752
2.1593374979173277,0.3852419324252674
8.337808639436945,0.26413965799563976
8.832724492177743,0.36287320140187884
3.238713385598823,0.10721794373902196
5.010735965619137,0.7040755667971452
4.2940873843278204,0.09333494419330343
8.873235058156212,0.08229809993313646
0.4501136091986402,0.036501224226815204
0.8484428103205732,0.5886160981479758
7.485761832546047,0.5382335072953914
4.815626328352094,0.893817692559681
4.5375121476960745,0.49850066761468736
9.162455046668832,0.08730950580592242
5.562141406769461,0.8690890069023676
8.620331784395539,-0.09781065531043046
7.851071971698593,0.31282561637322337
8.363191889332764,0.18737821006406985
0.4820635472628343,0.3256305968647353
0.9261131505225928,0.39772027671905674
9.04783410849916,-0.07289029250079478
4.378376013522143,0.27057691042032433
1.911944092688409,0.6573585887152986
1.844736419058145,0.018120565717410053
8.464591591381422,0.36152495534494616
5.805647871176024,1.1011208019414922
0.2986959450042015,-0.05604683369942985
2.9057674426959332,0.3351493560464113
9.122104759957189,0.2690261523566972
1.1541044200549277,0.3757031978879728
3.8151731751854556,0.08122661901566545
1.9257768367567085,0.7662890823197656
6.1926652096953125,1.2844308460717215
7.665679300456823,0.04807258141150944
0.7489772472633105,0.6678652648823056
6.808195235363078,0.4478230022866499
7.574620652324469,0.4139203087726808
9.728869553778495,0.11917120019993283
2.5902903453760286,0.414402646267943
0.3297637380508789,0.4432869655526045
9.101532056941345,-0.24722314663848577
5.74114138458286,1.4559957644634558
9.365883497948598,-0.20031957452481533
3.764154244693063,0.1545104654775614
2.9769896895772985,0.4316901785334166
5.115375387041048,0.8759146698104573
5.945969746650474,1.1866640421377328
7.263719027710436,0.6249992489642273
2.495508410780954,0.4412303089152605
6.769229903203886,1.2321674868022547
1.7389298309711243,0.4125506213041705
0.6167254093015218,-0.0016968562911036655
9.356993398632781,-0.4344906575767725
4.859932097341614,0.4646855066515567
2.5729692537639703,0.4944238673013837
3.3807552269822527,0.2571964759328332
3.504139503632835,0.12918724498678705
0.21410072865851504,0.32816564197024956
0.8915234104877257,0.1575311304131047
3.755874388400925,0.1444853746780002
9.15367605638376,0.18004832866729584
4.046407729835479,0.29839741787261154
6.48119780014082,1.1591501280131815
0.9837876560895997,0.6104326277961407
0.10679629670483637,-0.0928842648381485
0.8397095367042118,-0.23193771894919848
0.17806705223048835,0.2864776635581001
2.0413790980587354,0.3538919213465619
9.15102996577357,0.030298475164354716
7.763003069854571,0.14313111221859479
6.908528011919889,1.0015012412941142
8.862399301809546,0.22828106544406992
9.212617688566574,0.11192930489225511
5.094124121924648,0.6837773178576079
4.533765084326854,0.1958193006321643
8.334433091091872,0.3701077408821815
7.928672611666709,0.1618044290550782
7.592398627870698,0.24150598878788543
1.9829492770056878,0.530547116191629
9.159914290719929,-0.2033783556441773
4.899266133503453,0.9213431990786363
8.475173716866246,-0.08595830499008429
2.5004011744739687,0.16681455561548872
4.908663012121,0.5554287348460685
5.019905217207406,0.7694003042543703
6.758017560278623,1.1197563646939857
0.18829287461292865,0.22625273858765516
6.983270756474925,0.9112264946410384
1.1476383680910207,0.37998482683256557
0.8705167160192129,0.11743179718114632
2.860284700702654,0.26548439794275625
2.253623041302083,0.4046892019903077
2.4400980450028364,0.23978238305887
6.977791915737418,0.6584086560224128
1.7955905316323795,-0.07345193676374712
0.40273971605748526,0.09981987418863986
1.894625560664961,0.6533744438220066
4.024878104992666,0.1658218347756865
3.2951537761741942,0.05175244815612512
1.7984717729473532,0.2638002412304308
8.224174970026956,0.0032137124618360213
0.9893806384933412,0.3151693280980076
9.679678998873081,-0.01848113971438837
6.247884231278915,1.1330577089301916
9.538212448083664,0.2940792162682243
9.971704564528231,0.20286352484824646
3.6084892821881054,0.14801947995938564
8.191242231200004,0.17723309505683585
8.35470879701489,0.1570248409442347
5.04823193481093,1.0071681540279354
9.04631757958255,0.3265467134056339
6.080528740993859,1.3464213801889282
4.546784942155635,0.15694770882947684
9.060902291688862,-0.09523165124601878
2.152262518956418,0.12829656597780953
7.670114355382372,0.42599439483477797
4.360361732785059,0.14283831391294444
6.08790907780071,0.9865944147604648
4.942023704536094,0.6399146001385609
2.87949776427461,0.33453344814808567
8.135840991529957,0.3612585590849386
5.799602182485844,1.1501056852873508
3.9200129103074923,0.3874385635866953
1.8836573797278855,0.695939261437502
0.4275105341458707,-0.03739857917942213
2.329062094803204,0.597180859790676
5.39864204398754,1.162677027203326
6.2689920243254695,1.3128483655964562
8.903612181019842,0.14122000641538884
9.712851509346827,0.09781935381336054
6.6545256026643775,0.9859065134529188
2.837364785002042,0.23711568561929366
7.358553646051963,0.6194404662323068
1.406718712892111,0.06319598492993078
7.109540945973047,0.7126510081950265
5.064819671267083,0.8740999508541514
4.099637083502373,0.35942844998488394
1.8025631659168195,0.19022248106299297
3.5239888633095164,0.08474985480024828
1.7468906775948634,0.6044574750657244
7.332853068523906,0.6849706636628743
8.755905184912297,0.13625406957061284
0.599069342654529,0.22255010935242128
6.20393765732227,0.9158924656010419
8.334484190117857,0.20543315386716782
1.3897549464322578,0.6288019844841848
8.928466357420596,0.29552754802400055
1.1660758601914734,0.07664556628745497
0.5856065094611718,-0.06250633779633877
7.465184202954081,0.4125783260491889
4.043337281854889,0.306488810169449
8.432372614369845,0.17334502013109787
5.377376432486295,1.0632495949178333
5.32255472200526,1.113511942817919
5.438882842719822,0.633586355515711
2.973263017101162,0.3827083238021035
8.822866883221474,0.27166179846734656
8.881230869921898,-0.12050679908356751
1.0799129307062505,0.2520266229977252
0.9422014859353922,0.41538610689273725
3.2141012789512233,-0.1163539015320858
6.928082119940742,0.7966240840778892
0.31604546839651415,0.16960439183573428
6.891947977374608,1.091714562273943
2.457957209108914,0.3616796362745585
7.506030993096208,0.3107672540509846
3.6077445774767583,0.45635234221159077
7.746035209673972,0.009519363423417415
9.038137144234588,-0.0852373276939967
4.698849094560958,0.5492454870559949
9.294900180846463,0.08055255373339966
0.8858954827027721,0.20138226841601609
0.3168649627810194,0.16890138570511543
3.2390316890642534,0.05527461119581631
9.057601668342288,-0.010463605058711302
9.766062707383869,-0.1929966558585593
9.452315099983771,-0.11602400799466167
5.477372248243063,0.7546509770772343
1.2215390860962771,0.4507926269678363
2.5407049616446242,0.5803798411848979
3.344372015502022,0.007616904223703869
5.87077887385354,1.0885205464499652
8.841720107109971,-0.09677274770733882
0.6301090150062627,0.13259772332222144
5.838926253406655,1.193707598275309
0.4765898783949174,0.2731269518408762
9.511318184607301,-0.12888358208745473
0.6218248018607364,-0.10940661215608266
8.671011577058632,0.10121632271218833
8.09640656165476,0.1209804239874803
7.70584480358353,0.4036993638215324
6.372893434260922,1.319086747697165
5.757357603565534,1.1473775453784654
3.401676075508935,0.0015461190251646884
3.3623565348589315,0.22981609592222887
1.0302976557723642,-0.046537262315048344
7.127047448511135,0.7953151725816935
1.8454347597048615,0.1828245563377914
9.700186222053105,0.08818846795701699
4.830752936979427,0.7375875325825214
5.589200739654753,1.1942256264613755
4.0170959242825335,-0.1273638008536394
2.8690949362231475,0.11072487365545963
8.60124332877087,0.1382547357054669
2.857882678362136,0.3584916527485368
7.6811290330242254,0.295985016147517
6.878006464305373,0.613449083239935
7.974441405737936,0.2795540389704911
7.004986574142887,0.6659695051361406
6.516658890909062,0.8270284296847357
3.7451326716875077,-0.15049242776866445
8.080257425143392,0.24847804063091433
8.272527651826744,0.39912576517508913
3.2104492904325674,0.03569368026548134
8.342279928732497,0.3004106228626209
2.868483959224508,0.08829020177308772
5.4932055476418675,1.4045527076896742
0.7083288678185373,0.11216261348994007
6.795029198852763,1.3460091742965266
3.4126313314180425,0.3141191882878038
7.426878863442666,0.3146799188773026
4.995988652655314,0.6806878661682441
9.737951352387682,-0.11424031100097912
9.687901896839955,0.009165751676647266
5.936145307707817,1.5070847582961049
4.050793534163263,-0.044055554475605774
1.291745097680913,0.4468253483410811
9.009463632504524,0.07271262895303449
8.541109675193136,-0.1903889690303358
2.174331613644296,0.5652972016266806
5.944287065815144,1.0914249525855328
6.164145401254481,1.3530409647660995
6.142714928014703,1.0002787193689033
7.190858703347036,0.5521505636846618
0.22783444990835955,0.05751122463661863
1.7557902321195207,0.8183433333187361
4.784005019584492,0.6647128803577916
7.843755815002047,0.3971769064358882
5.145607851040874,1.0509753202984586
1.3370991564613433,0.3301797811816868
6.634290752374037,1.1645555097749904
8.60560259264659,0.3867348739695697
7.795292795414248,0.43655405198882397
3.6794842203472653,0.0838610449890122
5.452456188240294,0.6894586247783565
6.3936133912282,1.0903779605467294
9.67391595991111,0.017050705623109723
4.208971869810298,0.8627538882658919
8.971304108667113,-0.3948782455785328
2.7174459232384187,0.41133139688867887
3.3336408815769367,0.02170996007476214
4.518457016591842,0.48382109515280436
1.223242682667257,0.3475256408778636
6.088583746105391,1.2678209081263483
5.9888850198190795,1.4390448144914019
9.829002767041944,0.31944767644847816
3.1256693956909034,0.18286192786525518
7.740799742429154,0.3466304545945695
5.088308965957746,0.5156040222792259
1.0067148422544236,0.3240415425047666
1.7141408932411284,0.5754851320840971
9.633696261985202,0.13266019950621788
1.510455582396486,0.2673945874383105
0.4981759741271041,0.5160254721953754
3.2880124793307006,0.2484023458100219
3.882654927318119,-0.10905839168174636
1.6142153647962854,0.5366897796799124
5.516097455935834,0.8541767835053511
7.480972046969166,0.1333282502764251
2.788169761906152,0.21216271298824663
7.144465917135329,0.6119217449670851
8.27852102319881,0.07693977105112779
8.456623486690066,0.27517629926710646
5.233005552148532,0.888040609256991
5.123333820977058,1.1026887478370413
4.115332643170941,0.37760624618885885
5.927379518841684,1.4684120661832916
7.331917030722953,0.498866709028427
6.262223976554972,0.5844347805292016
8.543311692277731,-0.13568047401453204
1.1476997521849697,0.4285446830214419
7.150098824131491,0.7210113734738378
5.16889748588852,0.9478914870890998
3.816484145029504,0.29803971735419527
8.18267814719172,0.3805116096669015
5.333006308284178,0.7571826839833685
7.108093320225346,0.14346813272023062
2.3274854290203892,0.09119901585815299
8.480225980414286,-0.05996298040221409
8.9089048823375,-0.08569920048978444
3.897848186756554,0.410414303229038
1.5776236889156636,0.5636957473812152
0.692211852107687,0.46666473502136563
6.110873344585636,1.3001673642350067
5.392417430521078,1.5268564367313797
7.0535088744945735,0.8488783377530437
5.253000476673741,1.40394512760758
0.23318413697897222,0.1937010346424009
4.7224053870985365,0.5516680605756525
8.878639823394371,0.35512243736947396
7.489653636561005,0.3201188830370234
1.7191002650044396,0.39227374731748876
7.787235811414588,0.2486907339820093
9.723331777849285,0.014302216540479615
4.131776222708322,0.289165764638902
6.796237713066677,0.4724922320696159
2.418391118800548,0.41689518944931336
9.618880660946138,0.0033935536849158806
8.80596906360617,0.13186261040358463
8.847323338800962,0.008832758847450163
1.353109853337534,0.2125298817681689
0.32247347276719185,0.25916324609748875
2.1205621080276984,-0.0016617149208099091
8.751557370604514,0.24711708788195896
2.37328797206355,0.00852258549969609
1.5545910270514152,0.6807470320409195
8.038618664496934,0.1977007697026823
8.87540763350412,-0.22008137623911106
2.388765700570883,0.24676767054943466
3.3793640797523397,-0.16769824032816383
2.1468329274750895,0.8205301177798656
9.545289044682074,-0.07447657902789116
2.2735590344910763,0.23504367116808544
3.144986518008995,0.35685082581951316
0.2256037889536211,0.28417778133656074
6.338682891507843,1.5246138762701822
9.953680865306907,-0.1284216863207724
2.353510075546162,0.8008858327505246
3.36539891037523,-0.09710810677545523
3.473628563919602,0.2633719950623007
9.754573506017874,-0.0861197307469758
5.6236765592185645,1.4526170575071542
5.999346381353234,1.1371765760328099
6.364160849293235,1.2952293934452734
1.7800591974054114,0.0727055697156998
4.920245889284106,1.1029383664523804
7.822074462921169,-0.005140456296710311
8.289896763937918,-0.02425904873599838
2.899529131355308,0.45546671426946383
2.9170764081125067,0.3866362153547078
3.448226846331944,0.26900850084419387
8.127217396243756,0.2371604262882781
2.607299799570063,0.3909083875185598
4.70173718590425,0.7377673102599827
3.2283827882356917,0.5407610073997848
3.8740051978918757,0.3698396911210361
5.1036079962075975,0.8605397794041156
1.3543107961304213,0.15388627891577544
9.057267470494391,0.2069760788917594
6.468319986201583,1.0471953531541254
5.853588416905751,1.1135078978358426
5.158978962160675,0.6924240129436668
6.530131772646941,0.6191899960956495
7.061508895231173,0.9515951805764005
6.55967354839353,1.0075675066101901
4.247635691269083,0.30796410835940713
4.136601098500093,0.41688818482442525
6.631994119112429,0.7190699889902152
0.1559413970087975,0.2190309356693555
6.810399477270995,0.950944347580486
4.502681905480931,0.6464320051297242
4.485696048344318,0.49604909731609687
2.5554827675433134,0.38372621418127817
4.102601187204473,0.25177553023136123
9.899574875345232,-0.017183154529613918
8.75140416437595,0.03344867905607614
3.4470358861162484,0.24157583395905965
0.4293053072798936,0.4538373793209693
7.273346888571192,0.343146829237478
3.7392166438688887,0.31110931449576495
4.312616495832167,0.38643418958342474
3.06709033823286,0.16901978745698537
6.8967748088222915,0.49527864381944464
0.1355914771360056,-0.13180862480020267
6.629268746590772,1.0426194239079332
7.494970470111215,0.6964133156882106
0.3110017677000787,-0.23476733836415908
1.0228846298094818,0.23764763933347074
8.954464434542437,0.0595697719057802
9.623440537525799,-0.03419836813624496
8.50900621013159,-0.16599494991747463
1.3511153942796872,0.13205481875137332
5.168494377960668,1.1170382012806825
9.602313913692008,0.048888775905849384
1.7423692221218068,0.3117268318556459
9.54708863808893,0.04724324882936411
6.160684378303927,1.350346034224255
0.5241759209685404,0.4237988420665554
1.2904843131838628,0.46360103338828984
4.0199428824011365,0.2884641088820707
7.489386548946422,0.4826168001375313
0.7445872641146323,0.2711084265030578
3.8828533534251273,0.25169606819851587
2.785825850425762,0.2639147109805501
5.764433644079729,1.1830639859168162
2.8911562453563655,-0.18900554185823548
0.6601856559617647,0.3387154701308177
9.910032194131839,-0.3906893033951609
9.404113083256162,0.25254904686524926
5.982713025703016,1.1530225151951037
0.9103679905594608,0.5949916843682823
5.209461625374422,1.2089969788323056
8.668996293385032,0.4270602003759484
3.6350300869545493,-0.039794445593478917
1.5713797048156208,0.04603671846345897
4.26297371908286,0.25254095474081
3.9007971396521377,-0.11503917171563344
9.99939063597915,0.009063900368974632
5.613983367325326,0.9592329031780672
5.53947174857154,1.4335106715684816
0.5845172881977811,0.13224906179898904
1.350001138110164,0.5668341022913432
5.220126154693644,0.9109469876293221
4.890029053924262,0.35627806544315144
8.862220735388412,-0.04878724490225571
4.742444184030566,0.5028914078744233
0.3561137196766573,0.14105658714317185
8.937276850551154,-0.21235286648519236
5.969852952649335,1.5482307542965048
6.242743640469371,1.0776898504568728
9.6210078894012,0.026705712844840825
8.115342161701808,0.29159611589998635
1.6120311390365871,0.30505400855216336
4.09833329603387,0.4265410737580808
3.5785121977062007,-0.03223955156568814
3.8246214716305804,0.3980957273634091
8.750756298172199,0.020469198729415525
9.956044920543256,0.11955568272689254
7.766801414468584,0.08035834374541759
9.199208582918935,-0.10127017882180554
3.4320560514961973,0.2726095914341289
4.891441784314087,0.81829024400856
5.061964969305025,0.6163990514339197
2.8358882122882134,-0.07229696543035374
3.805675291029597,0.21847994224554057
2.8443853875803695,0.7971921760610697
6.704211885803806,1.1466822216302064
5.345182096770808,0.8819821159266753
4.531859481153927,0.564299067346923
0.012620387715269743,0.06100556283586586
4.799266918656154,0.4931015043228125
5.420885247601369,1.2234287437300253
3.035129142837701,0.08182950613678913
3.247391306401002,0.21146013868270325
1.663721011744217,0.8397250257420439
3.4523604132059447,0.29445636907442896
5.877838944527768,1.2669008512721553
2.4830277269399126,0.317849167201446
4.81667159506992,0.6028449110464927
3.417317538566288,-0.11968190563111017
2.309652032547932,0.4756067918789992
9.544326498916748,0.30039371695911427
8.81156767514335,-0.09499092708980657
9.26070628429893,-0.07141409250636925
5.317948575793431,1.1098135378803804
0.0748329788877955,-0.06622459817304055
0.3262480540765089,0.19589522249609218
7.282247345330716,0.13460529779656916
0.7080596325478228,0.18229847332930085
8.190690620257556,-0.0637356346245394
4.907723570300213,0.4563771178064704
4.611384646599221,0.5031200944145391
6.757190497135584,0.7196781760314042
3.489980538219789,0.09310878769256575
7.957883139341243,-0.005406515647593618
0.8053979280556123,0.1820201630867069
9.624258745399676,0.03960122032678817
5.980963594389031,1.424805914563224
3.6117969146230355,0.4710100623241836
7.2511421371008495,0.7656421985396816
1.0611637343127855,-0.020997804807250775
0.4917240700192993,0.2102378456916656
5.553737212387629,1.3266359415352875
2.995165547867058,0.14494706403069013
9.221735449243576,0.1038824603993445
1.3540478390899957,0.19237790778198866
1.4224671517497423,0.4230455799018405
2.3016657223635804,0.2668856577005614
0.7413599960456407,0.31755353938393216
2.960279810374511,0.507130529971048
0.07594510208261851,-0.07289831041033959
4.788651650582495,0.551180250041942
2.415312972733762,0.29428719127323033
7.151664158648233,0.6131406813951134
6.397592573571118,1.1643644570774885
6.244896630270519,0.8995588265775916
3.733131758976368,-0.29942258908320063
6.456840227474457,1.116211378522807
1.626778515305236,0.20457345667923582
9.155441825751401,0.17148182305854173
5.224297900406459,1.08730111554874
9.829732073199335,0.22950629808085674
7.234153616088907,0.23450045480809956
1.2604541640290057,0.16490887807886948
7.895362829802563,0.37618689393626403
7.353042138414856,0.2588515591093831
3.214373234650826,-0.041753650043763024
3.162548103954357,0.6817309584389151
4.961743964080934,0.8529693767432763
8.226223677305878,0.1830942924371834
5.153063531413658,0.8746006084767892
9.831730196449026,0.1984722066177416
9.838252891883657,-0.12364158913109631
3.875096442542627,0.07629609097791054
1.2972543628396493,0.3941293798467085
0.15982908503529014,0.17480938324834072
7.45734044302845,0.6259763595918899
6.297039339534811,1.408663272874994
8.004396481907287,0.216168764728503
6.972653763623433,0.6281493545778071
5.8992991362112175,1.3317189880064242
9.655965942350804,0.011902462177702538
6.949433114943834,0.6958519998023829
8.62947969439098,-0.18688918691003048
7.290536622757802,0.4257493166104902
8.255093026081484,0.15124020936588892
9.175996027586285,-0.0824871260180242
2.28366321035562,0.22123368770828236
6.23107203953775,1.1785717346519204
8.93415699512231,-0.02334530688474601
7.668505915301513,-0.2939216010227863
1.4103596815984032,0.35325039816867687
7.436479964235328,0.43926904953854357
5.789959200447367,1.0999661363633428
9.224554752411866,0.11059759732989483
5.684247805020445,1.1321107633120415
3.5014593576282813,0.2806180017039047
8.63625879007311,0.5837681441657104
8.786000704037724,0.370010801063161
7.117389619683846,0.9662940783376965
8.18213159710009,0.22292571546811654
6.844766294481806,1.0288798938893318
9.516692215550409,0.06305074408583432
7.002353667591655,0.934061476620792
7.8686039293656895,0.2876798322840816
0.5393098666898166,0.24807928006630126
3.2728338909180446,0.2777395904874591
9.588982071313094,0.17553887161560242
7.418007846352105,0.5810041311533316
3.731225073802087,0.1967769133959013
6.267310389894979,1.3120967647747372
7.254524250039715,0.6361405699597543
8.099363368770126,0.054058434683765255
2.375481522904752,0.1925291122574186
9.465563626462151,0.3268908776044699
9.138761781406778,-0.04789136770342722
8.59346664977754,0.23680038616396343
4.864034770919249,0.6172882399069031
7.159618362825696,0.573494853782154
2.031408434376355,0.2313452733726013
9.134054402628827,0.04861722464062861
4.508347454933967,0.6042095252609334
1.6364547117532358,0.43415065077262605
4.633491931463318,0.6975178547775073
1.807396764641639,0.722377992961228
6.938428922829854,0.8636247952341335
9.858330655589597,-0.06966433569787991
5.193965521315521,0.8011035264213731
1.3277363276956933,0.4486783677004208
5.413160491273365,0.8474544582580475
7.673076251711924,0.01883471088746108
7.743825434139229,0.0690281212175416
9.73317361539166,-0.106861049835876
4.8946541757752815,0.9005834641880034
5.396105586233211,0.8870731144190391
2.1959965286712277,0.6037049342759261
2.995744928935431,0.291624346106505
6.657304829920357,1.074000731469493
4.115779250205939,0.3800636239217004
5.799789461889249,0.7626633485373457
5.7168073889700075,1.3162370762057847
5.85926336964892,1.0380447921748222
3.2261928448979402,0.2760101906198468
7.430189154102541,0.3471943650676128
4.057408332727367,-0.06342019203951563
5.363987783370515,1.1706731435376585
9.669725509070528,0.07928592550253388
5.538170996528773,0.8392487028773351
0.8251592435620991,0.06976828910206476
4.1678523093741395,-0.4580348156915873
3.3035265115117287,0.15223283516997377
3.4168694115079457,0.4369603800573517
4.676826268638818,0.19124576664246673
4.8057937003825115,0.40935975105293515
7.818712128050521,-0.024413724327725483
3.65815278763711,-0.1969389901805105
3.389537956590234,0.24570271484554607
4.69890757890499,0.3877604759879745
8.671768894347299,0.0012634175755290092
1.892071268321902,0.5855682359168657
8.929942333163488,0.1841011750489711
6.831557972857275,0.7823825091936553
6.981310314345698,0.5697284523204655
9.612554137083556,0.02200213734226266
3.1916246046360017,0.7701092865789457
0.08024107456956586,0.27185206452051053
2.2424620549900256,0.47407263734013716
8.778513958793763,0.45486936441005454
7.6655732687763685,0.23255559849443724
4.60699104601192,0.30273434075723116
3.636748599638584,0.02076691367607872
5.770477331654283,1.2214277133283966
0.39535398556855283,0.15872733473036044
1.362437825606787,0.3771112744334748
6.2959776217385555,1.1231620384808039
4.178285625470038,0.10921086839528171
4.064066266713523,0.5879083720017977
8.78438605557737,0.3956521406932778
2.888188399116266,0.2506082768073318
2.972289222391147,0.40001790481688587
3.887131192549208,0.20717721505715034
8.788269690306668,-0.0008983789399243935
4.358551572488664,0.35438506561285177
5.384716814944301,1.053620164505434
5.125451046915906,0.5879526360035985
8.065968460560123,0.03325211433695259
6.55321480529193,0.9476926166733514
4.093972580122812,0.21030450416999788
3.2311556427448296,0.23712119574212284
7.074046050982378,0.5764399079662994
4.044839819616728,0.0013029916093287852
0.7451969977318285,0.18446610229378693
4.714028358393768,0.5292090876969456
3.9810176004679008,0.3436747573828617
5.281303846193859,1.033167823149364
7.567921163080947,0.8007253081805492
2.719541404857674,0.5946079526968666
4.237099850982007,0.35989908108230373
5.064557617541147,0.6088170709988243
5.1168351936541026,0.7400673811650476
7.890141084148593,0.025665769168024932
9.52397638070507,-0.13017473682629094
4.3656399044865735,0.29101351112869633
2.097509144103713,0.4105017318981694
3.200470804611851,0.5064190966329288
0.38404395438290884,-0.1916755963536844
2.2804461946159638,0.46590635794227
2.1218479347410724,0.19943100053472598
2.7266808509394025,0.6581261290645701
7.020705889642468,0.7162322617298971
8.782693968720281,0.014122743881674386
6.290653438228022,0.6032399710746268
4.573659252495219,0.41037568578513656
7.536908905953606,0.3425598079958969
8.449642794115675,0.4997803052139883
0.9184836627336146,0.1875508164961305
6.624737032322557,1.406314461769454
5.631128094071149,1.0598655763436726
0.8365594079127481,0.23162207024032808
6.346486225355296,1.0195538406274285
8.265982527766546,0.4135726174186652
1.072196601773966,0.11813793739928433
5.576523799529899,1.0765299747208779
5.449143111278567,0.8431414128713558
6.3755240357936405,1.3166473186757914
3.809249635452432,0.3469787370152001
0.023439836847836126,0.4036123180784028
5.7577036447126275,1.0740615993001228
7.001708350502741,0.5994991854671945
6.651279003415321,0.957301645443743
3.265201891522996,-0.11356456072511611
6.112384103637998,1.4108499607179956
6.771026055804157,0.4635782105094509
6.592132485085216,1.2773740621234588
0.7292367967175528,0.16630493336752114
3.9446911507617255,0.2688897213699683
5.818604309105621,0.9881117892417589
8.38886775982893,0.29712529199438203
5.2852640999324985,0.5724634900343236
6.543071968103261,0.9264606481458566
6.460520832550264,1.2732204385525492
3.128273988778354,0.08704589208567415
0.6433610306774007,0.2057352737212052
1.8128828807645403,0.49793586099409304
0.13436969894236261,0.11661748777700107
5.393236323748974,0.7709565879770283
4.123900020108867,0.04969003153612822
2.9712611525596886,0.1701147426009738
2.75128742573461,0.3149792363649641
7.92018912338208,0.38272782576529174
8.302260523414816,0.14516164488227815
8.025951570101919,0.3100922466753897
3.1015161786112477,0.49680401347876496
3.581757971977675,0.1706977143215272
8.061195215489105,-0.001302308543263575
0.46320287224507317,0.1879466747046175
0.5943698226466998,-0.047864188709762195
7.572863842624288,0.5536088218245316
0.9779847786132045,0.17324846206715006
2.859159262401624,0.1840476937316417
2.362761266635167,0.14280813663656236
0.05646979770314586,-0.12318955223973753
5.358686783634667,1.0086028625924996
8.934812030997675,0.27102993067900927
6.830649110516461,1.2689776016491205
2.1733287310078966,0.431653522540128
6.519072012987976,1.5074040741510404
8.823125101667635,0.14902803944296716
1.562379668968481,0.3582935766402229
8.065316469425841,0.20885599795572224
4.490479556890894,0.5022186852449018
5.039376399255966,0.6173789676126762
8.23032604629812,0.16452603288408957
1.8303026630829988,0.2808569725204717
1.19275345274785,0.31522723898735844
0.5328551398719283,0.4278652667065539
5.010663950348098,0.8321127528733744
5.1092249905754645,0.7320754195346436
4.471982576986542,0.33818435614439235
4.982206030272486,0.701629612040267
4.039242770825734,0.029298274795395096
4.47207737203954,0.3603979629065943
7.299804300297006,0.6370618997107025
5.317116513322206,0.9143446363494908
2.007464669295973,0.6521665554336038
6.0669570886618365,1.4198043336343427
6.508291659404598,0.9226897282206163
0.363972111228682,-0.1354449280444171
3.565735179087267,0.21867703664849705
0.6794605910157014,0.660795232567973
0.6509181856033008,0.058709965669614894
1.1753457178914095,0.40712233924214786
2.2598613301337633,0.05451596116711632
8.661572021357525,0.11586538848009642
6.9378188713528814,0.6904695633523221
8.616157903447332,0.1128252606991271
7.912079688176482,-0.05455787399728937
0.27574906585053016,0.002713054518793251
1.7515052231356953,0.49285523467586073
0.35781871190242676,-0.07084154651854947
2.4335792964636993,0.5606946285880098
0.6902711440416898,0.02344550301620099
8.022207553195985,-0.03265139998533825
2.32886798999159,0.4362509116510216
2.4714154071977426,0.4760530574556847
0.22073889822076254,0.4050242695669087
6.216259123688319,1.2648701526978383
6.998896191425321,0.809929507240561
9.895913044052056,0.21044410451644807
5.308684648584502,1.0719976019375679
3.8527953736854945,0.15998869440814523
3.182867532638647,0.4093290307259033
1.4681042916014464,0.498730126757416
7.358222887064713,0.5360159604790744
3.4665862707843376,0.5000840371401922
5.6458543145366855,1.0206649744951364
8.232020870878365,0.2429387889195578
8.869855443607353,0.048989276074308245
9.638493271691125,-0.22124522416511255
3.170386301358471,0.243208185148079
3.959910712653305,-0.14071163095643383
0.7293160133533516,-0.301334498029987
6.206367233188467,1.0741818540365229
4.806126046973031,0.9798266800489153
0.19362418042320195,0.3414620807468935
5.791997402725002,0.9207714858800257
6.27341608526784,1.07957805055621
1.738442068846131,0.2951245084475755
9.891963493710966,-0.2666195337657027
8.986415664709838,-0.22625068028904471
3.075948368706438,0.20420553849627243
9.278906827695948,0.4246956076650648
0.6083755551220327,0.4085109150181172
8.468152765652974,-0.29691494311465466
7.863489728780384,0.39871247970348694
5.283552920128329,1.2833476900045215
1.2152995739168126,0.11054374075006496
8.198730220434994,0.3421079169148049
8.792925594235978,-0.15059093300502865
6.052556605064526,1.1439441335009861
0.5456073762528812,0.03836950743139614
8.471329126368435,0.26252840006870365
1.6123650535750722,-0.0403880669245652
3.670404491328524,0.4934402882637316
1.7841899711549547,0.20020488573735096
3.1488670984389633,0.3547204430442745
5.3331168197961345,0.7040249027177338
9.81662649649303,-0.3564442213304312
4.111213002595591,0.5425464387734169
3.009820062072075,0.4769893329795663
6.645558805837355,0.7589565873757362
0.23283161326542845,0.0446502917394449
7.259823957281114,0.7957545146474592
3.0433750298540074,0.333457383573565
7.0238229773675895,0.8559998518856945
0.021103179116357396,0.06619407530927919
5.007157685185801,0.5608344174320807
6.871939106655718,0.4518090616952479
3.1571521793588078,0.1937326832430849
9.143191230262282,-0.016035503730237412
4.126238448274217,0.4331410905329701
7.969796944681641,0.6423420439511818
2.0278942408593617,0.41818567229110853
8.06889236288778,0.001838849852402319
5.402220597503175,0.900463506032577
3.92435851705915,0.15268201043098673
6.490279920759021,1.0960841366484533
2.6805784235785324,0.2521067818643054
5.060261294853891,0.9221820192058543
0.397185518241463,0.14269778875734274
9.472045969802492,-0.18279442654156636
0.4601560254195636,0.009523087740036504
5.086717893681265,0.6096130915705373
6.140091784609394,1.2961730017128132
9.171732361350065,-0.11508195194367206
7.368979852907427,0.24757587983735485
7.223765293590391,0.5510739105080251
3.768229808264403,0.15852462257518496
7.165339764932668,0.7268727659712579
9.377847282679156,-0.04107583021685534
3.1298423704292744,0.3476448957059944
5.048599924717618,0.7121957359937802
6.221438630580748,1.4092614840081565
4.55988452197891,0.4301066148480881
8.08228823853727,0.3211378381618517
8.494174208556817,-0.0591211938983394
4.934227410012851,0.2724751753840926
4.624161012743073,0.3865917087850209
0.6182627454942657,-0.07961209706017136
7.163207677380337,0.5237789895011877
3.109787439651014,0.02490295258030495
3.008412683345467,0.49272797432172144
3.6566904643650746,0.27505156572224126
1.4772985941282113,0.10584412878991892
7.0024316138246245,0.5704188347286814
3.798767335823202,0.3563165973961948
7.314995477987273,0.5652165166745494
5.746483696246948,1.1977857808492502
5.7283004578415895,1.3962045753563312
6.839981305907411,0.8075353427146996
1.1064836711359038,0.3055247087437499
7.877864473628096,0.009802677558094913
6.787017859494312,1.0150147069840032
0.5912892465287389,0.2860077160240756
6.033184573373422,1.101758799165001
4.261920984616595,0.5805244369451654
4.031621362847834,0.5565405275089346
0.05616837301233857,0.01788362362214184
0.5244871620213565,0.06896964749889935
7.786359279799405,0.3522294383194109
5.502214914570873,0.8760113788433147
4.442746743694624,0.07994971680493118
4.320971392924189,0.05553825625033659
2.8280300560915816,-0.11217677552914246
1.8072590392074606,0.029311980162406936
9.318779430441705,0.3479969529802337
3.64080412736292,0.049185382751418816
5.31951048914156,0.9283445843387681
5.959789279939464,1.038162737839732
3.0010498084452895,0.3890938546662306
0.2888333365532769,0.34766754598507776
4.600113356390892,0.20071292406245422
0.18135112595156766,0.23593605444662719
4.194561980438623,0.4383116080499422
8.627078126767598,0.1133314208393463
4.165022193022915,0.31776937501728636
3.594938664883709,0.12012719260062597
1.6164186480949527,0.42288069194290695
2.2639660407933713,0.2982511624227159
3.346698163763533,0.5464758078824457
2.7012332002535433,0.5503639553405864
3.555008212279842,0.20409961602587107
8.222250157826014,-0.00018881276526540314
6.175197683743292,1.493273839511202
0.15501820245511055,0.010965019318027236
8.667575645960932,-0.12814493701520552
9.23566340502948,0.22035111469270446
0.8581567780643418,0.12727907559505436
7.320951316353702,0.9691174350553589
8.929828618473906,-0.12557542661363938
7.01521046748541,0.7859570129044449
7.034691160813788,0.6851369186270749
6.872290765215654,1.349698448943243
7.891631197621306,0.024383823056571746
3.8830470900803937,0.15689344780690842
0.7760558427534858,0.030431125226658362
3.321798116209668,-0.09876229832620903
0.5142868345647067,0.16051923546299632
8.776053371947214,-0.12819374566219166
2.9673438482539902,0.2055003394013192
0.3154577005985948,0.11848885062374377
8.558334723469635,0.06354486956428498
2.706394568769878,0.18915852401354918
3.7524326628154614,0.13609849044742311
5.93588003798644,0.8911008694063505
5.42799433516541,0.9416346562323067
1.9642887499601724,0.8927047078978312
6.488872296449625,1.3000180380476567
1.2037571582443707,0.3329955364051198
7.717848980914107,0.4237095651961872
6.537222438215401,0.8019909161100774
2.200103373102691,0.38303739390750025
1.0477688654515327,0.337112726718858
9.705675924857882,0.2669538403506924
1.2526779924310216,0.42297029300404076
1.036850601498881,0.1088291222143769
5.324469232884179,0.960630116008403
0.6799798971172066,0.6000688939471611
7.571682234770744,0.07383316311214577
6.916008455716746,0.7570447546289929
4.616428306482798,0.44593429170288496
1.7945777155359355,0.862201128580472
0.7839250276599408,0.34449031628900095
2.573972159370317,0.496713253473135
9.111000791581532,-0.05103761892636814
0.7619079497210002,0.0969377482459932
7.741700778497137,0.1984485104124336
7.327642342042258,0.8876950399501381
7.380170103839669,0.6407903509040687
8.731535608271777,-0.3278161154593034
3.69047379511196,0.4356949547815907
8.452386426275705,-0.20017286772142132
5.369096769059577,0.6924185856888152
1.653161579029816,-0.15304490394053877
9.230834445170455,0.01670332259161425
3.4919787906194277,0.23166027960163918
6.295222586318184,0.9549987792839782
2.2146559396095933,0.5539003411723208
0.6320813304821793,-0.2936694688706205
9.611657708444385,0.0586114126602679
7.175418424413448,0.6292345865233109
5.6199657571628325,1.3553121766293457
3.210519336462452,-0.05777028936394177
2.128057870455823,0.5673486919567181
4.044299759283057,0.16527522938222866
2.3811074113792707,0.3568375936140638
3.7569190031827104,-0.09456930085830745
3.134990667696642,0.1289775503219629
9.696744510103528,0.4477710915296743
1.5253402376560776,0.566926396474569
0.9146810659857552,0.3108670356318729
4.9664194155595425,0.8390350925530348
3.612652662210931,0.0012418484845070077
0.3807234485940292,0.44369246627572523
5.478090735139806,1.1784736851814464
8.469312783965755,0.003310970396738118
8.459249315410155,-0.15881274737299014
0.9942667708055775,0.157223866268018
4.555549872929074,0.1742122152259556
3.8986036073338157,0.11737028020396637
3.3362311606744512,0.31933642748562174
0.4449568677800031,0.2213927946334172
9.509651469964423,0.04873745338205858
5.309061547105242,1.2164852996201432
2.554339971607109,0.5743705350415176
7.777663387547267,0.11728607013143408
4.052763374048421,0.4290697637289208
6.957768491983129,0.42757173345308247
2.5881956897775638,0.1849352329010857
6.633482941217154,0.8586479719054797
9.130635118526177,0.1169214950902685
4.303388160859561,0.39968979748126693
4.314453105093946,0.3616783645612941
9.439297226529899,-0.0778197483756067
4.309938639833433,0.6104971114622272
0.8250243099340671,0.2757838691176943
5.904640727869569,1.3281761138893093
0.31371155464192,0.21003165281641073
2.361223123322438,0.4856711268923833
8.109618299438061,0.08351841169668484
5.1379455215685805,0.8517455796719375
5.2106263487515925,0.7450310692401062
8.891677931084756,0.21137124038591326
2.82795597518533,0.4384142735163662
2.779285693461002,0.11911629593972584
1.2343532576896765,-0.22239663420325656
3.078522735018102,0.24998676721668328
0.21397868487176397,0.3314904891689485
2.7307123885737097,0.4084102444316441
3.3694926037318162,0.43452328413973484
5.530553891670159,1.3147961795977878
9.12654769628077,0.22487883584174267
1.5714196607631847,0.6025366779797566
8.384948803257672,0.31435418137381455
9.44406706458466,0.04836985278269884
8.632918548035624,0.04692649587319801
8.94325781255405,0.19291590562687866
1.7118222117564674,0.08478941571925308
2.9764552738052927,0.4704956235716489
8.023373404689037,-0.055473313854284584
7.546606391655615,0.15555000882537903
8.765335006908858,0.04649496084208915
7.182912184117562,0.563490644303274
9.806090038873661,0.11695296029232721
5.906670535142952,1.3373428317029752
7.214038138604177,1.0348556661855493
6.655513635427264,0.8681831239253704
3.056998440625267,0.5001190703883911
2.98048386495822,0.24128475892578327
7.617580633377581,0.12908557509120386
1.8999386457741596,0.27486619861699335
0.5896823231808135,0.0649730878463252
8.019554307395726,0.16546370461494206
0.08488914359965127,0.15275420506399295
3.5135516632422314,0.17872450458174277
6.323260636644077,1.2553872715556589
1.5335846873950143,0.4517749930861104
8.533589749847073,-0.1619193255845532
0.1601337306306938,0.32732688238638286
5.767374943276199,1.171637690149719
7.182216447402111,0.6750149100222728
5.16624102304419,0.5882469379209587
1.7984706063314992,0.4652229620572533
5.962728835286423,0.9975546232119941
2.05554417150002,0.2056742586483796
9.096581511353115,-0.10558834158128907
9.946355125971433,0.14545162480822832
8.353869414552694,0.3107559201785236
0.3794712866550354,0.7307043503296561
6.260075583714194,1.1752632272326973
0.46620694187882394,0.31445905029618165
4.431880605992918,0.23332254009081066
1.5728253556028848,0.08206225094826447
0.08112883850571406,0.26820936864820166
0.8143864776203469,0.08879354761899687
0.3868968612415147,-0.2285468173851808
3.189206435865896,0.34592726818103536
9.00241113980671,0.15956052804498247
8.390661100462344,-0.18380121933701798
1.0325732659629383,0.1236298841356537
6.7782922629564695,0.8332416938840213
3.9256117500918677,0.1998863285440511
7.332412829795567,0.47031940071489114
6.172678708418778,1.2020275360318151
8.085816261954848,-0.09073801061941353
5.428115332139506,1.2950555998770994
3.216525504586283,0.132711280391404
9.834899108953852,-0.010342703564873618
0.950043447129395,0.3579437012976988
7.893932168306223,-0.10026623650413816
3.061680998878634,0.3680429173461043
4.532725973344861,0.6900442524143233
4.381072134577533,0.22875660597953296
3.3832314054139214,-0.2489017791498414
2.432885904404741,0.14045663940984593
7.608917547701031,0.7829683640126301
6.555001264618806,0.8574368982812808
0.7433691489173722,0.16932550501329346
7.965083579115517,0.3917437079582299
4.48425098689315,0.7751900258060134
5.555712754192594,1.3222292494161287
0.8072780573867178,0.031709613232279776
7.399552451473231,0.3362328471719415
5.059770045877702,0.4638796240797636
5.93303114988526,1.2796040975096954
4.560188085878218,0.2939811378308831
5.623857600816326,1.0198048453089497
9.30766772549431,0.28777123524284975
6.437236670470977,1.002313262599864
6.153135986605136,1.134083365892457
7.678529129178462,0.24976776964128233
3.2650847051657736,0.1795337627400948
6.640207883794929,1.1114520767506664
7.230031470813849,0.39629037827349645
8.929030485070458,0.001162033261837973
1.5009821252195543,0.33941902855984685
7.465187967292533,0.11933479343495268
0.7499468513432594,0.5035141780889795
0.8534236338985624,-0.02885511638232316
1.976539448859913,0.4601674479368581
9.938197660696042,-0.251097855849737
9.490270040377322,0.2138882759428053
1.6679593052255248,0.2574590888762164
3.6487373011173463,0.32439512096791423
9.02925651223416,-0.3937323242637512
9.294694800249527,0.3155319091292854
9.371437449135394,-0.17781180360410448
2.8113850819620123,0.3733906932052561
4.197165018484909,0.35499536306683854
4.2048352495670995,0.4257017969816065
3.6400717837135756,-0.1265703427516903
5.282138681982752,0.9078348578354796
4.802987792785455,0.2951980383993906
5.2498439826070555,0.40181159334380256
6.4179203974791355,1.197014103283902
8.03485201763483,0.19778799445886738
8.23248316079781,0.003353092510449421
9.417638596097822,-0.1688105495949263
4.357482175353173,0.3587199142266635
9.846148004079572,0.11576161416651294
5.5314793509282865,0.9077575295992477
6.716127343845426,0.9902297332946417
1.1649918717796237,0.21797281142460562
8.52980385407869,0.05434163778514791
6.659907211910995,0.9682869763999359
1.2231964690422847,0.1436260005388698
4.452015996438892,0.26982069297243405
8.311464668859895,0.006731212976497841
9.669073801926057,-0.017866918839045492
9.872217554883262,0.01653133214739787
8.101432217093821,0.009347444207356753
9.983694039153187,-0.2301405241875818
6.6333864595619465,0.5967030975738368
2.912111656842945,0.006910792526469867
6.853422176717622,1.050888965595588
4.926135817286564,0.738461733155102
3.3046285543276186,0.46960864450906736
5.6902031013892,0.7432016873382374
9.41604549979585,0.3959523058809764
6.145557886131563,0.9050435163249886
0.7083991437836523,0.11922785690464158
7.569594608484086,0.2735174053191633
6.722008699191317,0.8526274520859382
7.835204364136667,0.3107123845637467
5.6507710656928625,0.9899284167427775
5.268015296929408,1.010117670380059
4.765447340994391,0.3000582890033642
0.7828681073354415,0.3794965154057157
3.3534263203319528,0.24697260265992055
5.30432646831594,0.9146097363698021
8.715053235390647,-0.0528337030132437
4.143561454157737,0.37755675919387827
5.051606704056201,0.822889653083831
4.435864430598264,0.3690984346236215
0.4617485255632514,0.407246871758241
0.10843740738731178,-0.10185108937236445
4.401611524947504,0.249071491169577
2.1585503170701212,0.31768466069405177
9.810170902086211,0.2888460503004337
1.4736877685242133,0.6956047858672776
4.488512054412613,0.5720653912977492
9.851284875231286,-0.04768346823514497
2.200370783568366,0.04438501042483378
1.706101992032073,0.28784646155015065
3.3185809368006947,0.025164657031292892
1.7757287091016671,0.07079282168216283
1.066972155486512,0.2795058802344571
0.5528649940452846,0.3580352894084937
7.18174653275357,0.6952181034915437
5.170232747113493,0.949869975317378
1.9459693820125545,0.49595823046830667
2.0737589873329654,0.38111809906159566
1.7377431968774981,0.4131810080338797
5.925232971565534,0.8644454344592352
4.940263481099406,0.8347993119307623
6.382264498104692,1.4979024984507883
5.065568867025162,0.7613814151148185
2.0249859521424085,0.21595216717061125
9.48632589751935,0.38383531543076316
4.631411950935394,0.475286415530875
8.31077279844678,0.25456191547515666
2.437180944073142,0.35970524118359337
7.947792957268895,0.391855734002317
7.333578222720133,0.37826368508868174
5.6718405165163235,1.0758869639714812
6.662502530359116,0.8083709063883407
3.2406322841874937,-0.13852973052081985
6.950095072559775,0.7791452214605881
6.012598806535997,1.3448313162525454
4.431951174175024,0.24153809125553669
8.285822336527662,0.16112486070760212
9.26394919601609,-0.1529178342048958
0.07431316299167157,0.380696970290413
6.910583964935904,0.8222234380755401
5.027421732832065,0.4604007189890906
8.279405252340451,0.34107285656708525
9.271610606183362,-0.1494552503034447
4.162529117797764,0.32482106306099634
1.634434744545581,0.4038509235235771
0.2334368456552749,0.25938561012133643
4.138522196653995,0.35120014812157385
5.41316368949421,1.4143824925597424
3.183489952929477,0.23386166695853808
2.532437934080888,0.1745575588156724
3.2220482101525647,-0.24966786205710453
2.7054742863187373,0.5098306158569381
7.54232097472208,0.13415258066900337
3.831240944949527,0.11451200961731876
9.156704188421484,-0.09669566988951779
7.792569948887268,0.3064035279658123
7.846856652603137,0.5340843048869574
8.579412349125535,-0.18175166033943896
2.6716558666308057,0.17030901287484196
8.962494945012278,0.18808289638826514
6.915622802672138,0.9512565471177418
4.238662028803085,0.3031441722586511
2.025186272508417,0.4861496667088492
7.8625849416370555,0.6754572040054817
9.212784022081301,-0.29345914424871544
0.37934061935158137,-0.08114552784369541
0.4692633292319637,0.13570440823858787
7.004225823443337,0.7950889299596469
2.654715131319565,0.2515167753138694
7.161226263526609,0.5835096340637674
8.898097271886263,-0.39351246533206374
4.184119001857636,0.30055244794080055
0.8580649266071527,0.3256403426016234
5.094620123729179,0.7653237851667744
7.403223274724706,0.5780810742333232
9.387237897972414,0.1312127470522902
3.778427861995043,0.495793587197041
2.402747068458101,0.20124624824543805
0.1388751484796702,-0.33765102591712753
3.517585342758933,0.17534338634843297
5.098094603451845,0.8168516604394679
0.7348471357668651,0.23095031277002137
1.2167090721458529,0.1703936860845362
1.4850438887776574,0.5606905951568533
9.928237653412623,-0.027465622907082064
9.768756876687263,-0.0045447524088316205
4.286584767636786,0.1417630534542055
1.1534825940560567,0.31577301983064426
1.2225737486722232,0.17562134440699523
9.350111353781728,-0.14476366982952865
9.481607580045374,0.1122512654169559
0.02975060577141697,0.09731672610232349
1.8404193457042994,0.5709263673155931
4.770461140158058,0.4790445329155966
6.8505051351832265,0.9230872880698333
4.757882912762323,0.36897099674725203
6.128931572046133,1.0241991194623925
0.28575087354793416,-0.1445541507280313
8.545232832633772,0.654554642043797
9.727176361723867,0.25413365367783197
2.691001589102948,0.14393332350607568
4.661087116697635,0.36577835951466875
4.914831363686361,0.4902375154902582
4.561858855980195,0.35235023629973333
9.905771289409783,0.07455189607314285
7.673635314375455,0.5467703297730798
4.716226885503158,0.20894738181924866
8.033990198996074,0.29000092880575107
3.319473118176294,0.25287182095887256
6.773800399602312,0.689594158196133
3.6646122267465886,0.4454018057223921
9.271323231185768,0.20046454989429022
3.4963201331318294,0.5541178735090881
9.601599051313144,-0.03550766706429877
1.786444947637561,0.5250879799970071
5.091151157163764,1.0753767255100657
1.1090668040996798,0.4952997510621374
0.4726064870370983,0.5763082554605985
5.037841493979319,0.6142270520010373
5.081619694340297,0.4723407325054622
2.5137439762295735,0.5874082012544273
3.6826752404726983,0.06490817825144896
0.15702938066575967,0.3359160205664897
7.7570515384550776,0.5449272672834172
7.142447990814355,0.7357470666106107
3.609478370780251,0.37105383883663134
2.2190732641246558,0.4305242226161169
1.8739436104892349,-0.04056816567010696
8.70911002231505,0.12723129962084365
1.9783027115758478,0.3396865959679551
3.360014248535963,0.09466239791142421
7.515647250067272,0.36107029169153937
1.5951451741347977,0.010202972540091504
5.121742818366427,0.6625455868562604
1.0482640872956284,0.384742759840513
3.875924573676378,0.2750045795019151
0.3107311211293107,0.15238545445734533
1.8771237511346106,0.3800234099228892
5.297860735802188,0.8556599171686445
0.10268208128422107,0.28649559988062534
7.595795722209532,0.6693009786578399
5.169627018089505,0.38559811483809475
8.744731782710954,0.13215281826759537
8.216522970252715,0.13227701859723928
8.109047163022199,0.16652110230687808
0.1818252806245524,0.36968308768284747
5.1589295473601595,0.20576701932928376
6.268569449248973,1.2657425934428366
4.926568367299899,0.477883530419843
4.087766807567713,-0.08478398481617286
9.695628009669237,-0.14061800793783127
4.915573974601108,1.0268137134063506
7.418750450503902,0.3745628362703932
5.074845823313195,0.7191822781177637
3.297619391528386,-0.1803857385274211
5.715962708959051,1.212638838424206
5.98385247893871,1.1966896196459509
2.372569847403372,0.08859902540392034
6.42718923431966,1.0948035139667232
9.169797346769645,-0.36427281907506415
4.41116685675711,0.22013248340841374
2.6785930842651906,0.3487233187575054
8.039068117638697,-0.05202866181194751
7.438021999346614,0.37863557208131254
5.004909564926193,0.6643102573508337
7.6856739494075965,0.1932254753297348
4.386013267237009,0.49770766436460867
3.664412442830981,0.5208657620069429
6.125698088682983,0.9893974993025152
9.07864857751376,-0.0552985567223021
9.979821241036127,0.2919418674068733
7.888883079272796,0.5902144196180413
7.649159612063569,0.3703023442325961
0.8705987497943601,0.06419636243260296
0.5974396830832407,-0.08724125004042702
6.36337072777302,1.2821480263786478
3.6444442158667902,0.09499527911298618
8.99158447222019,0.3095552118173152
6.518652901920073,1.1992746676090162
1.35884400942616,0.3910876356573651
3.453105285510809,0.48407475255671156
3.487413949743996,0.16128789426243167
4.374632991414349,0.2832569076010695
2.707750857755017,-0.13798759084928536
5.229342523824077,0.6953829955082179
0.6195279360178596,0.2995444227694585
4.328981773972237,0.2854381573383638
6.279898617678327,1.0067205995460897
3.6296757689923256,0.09834709506555683
3.802394013219894,0.23396515052240205
7.242655897187269,0.7868874795367247
4.990021605985304,0.49928914951159065
9.948892031672816,-0.3656050890758624
3.7745300580305674,0.45923920180959027
3.611213469120349,0.3458953174207243
0.18487886736453074,-0.017991074566131
6.7339600371969315,1.1445569865773821
2.299118759442569,0.33580771048627805
6.8918884330770345,0.6932564131216228
4.98604435996811,0.901478267134219
7.94588247786999,0.24647945294756343
6.264619469749794,1.0624124193323112
3.557064820894731,-0.08279051653623276
8.423330732665576,0.15081285161972047
0.5864732737251499,0.26246856918676253
0.5584784416282107,-0.030200792658558684
4.826712947056314,0.40984103404960925
0.7117648996355663,0.3393391236315959
9.859949465995294,0.18731744645004972
3.451463828996272,-0.016312556838998737
7.989915519206026,-0.23356550338675328
8.846149036054019,0.0960981241821221
7.326284919151065,0.8862826460558485
9.078895739415932,0.1582776723038811
2.8397960497179175,0.7578977738571322
2.9113459977676657,0.5140057595610779
6.001277351147286,1.1744405429446652
2.294233763471414,0.7258483446792228
1.2018302192034314,0.6756621325944894
1.630634382399354,0.20490400057823197
4.884478081156745,0.4003142244544017
1.11152633850519,0.6728293137456625
4.789024022513832,0.2847682024602984
3.106358211116149,0.4617754267534811
7.461482551423902,0.2472753570759538
6.038726416111441,1.3652789856345853
9.12867393969171,0.03263732580523822
6.6591897286626045,1.1501101477927895
8.366520259235946,0.4358463402124316
4.833344293065021,0.5921774155091254
7.730102605420783,0.33604833313149807
6.281318610834403,1.1606709518114706
2.8373731985876747,0.22678734223943484
7.889466907821897,0.4248902232692041
7.253508233731933,0.6704241965342137
1.5243167362871057,0.22438919690066758
2.8031769015592167,0.5044656001070928
3.287266724041223,0.08557997667074958
2.033089003977233,0.5449723838459147
1.9972698458218385,0.4702201122352656
0.8048530106559704,0.12703069717503968
7.404413351737923,0.7828365816230627
5.658495060379129,0.9025944705652365
1.3328574990727515,0.3043974588003225
7.7138372364567935,-0.02231324674031332
5.101844066239726,0.3207773771095252
5.723427087873399,1.064814725248822
4.259625004481124,0.2861453486584145
6.745139023858541,1.1359589154844556
4.8322537845683815,0.6387808701811188
9.242065679859893,0.28551333287754643
2.6031352401514027,0.6228879743209874
0.020993597237546346,-0.1155335124748188
9.465271742220024,0.04893407744602927
2.687878546084006,0.10185485221793603
1.6506107261598013,0.5036878470266526
3.5605067099534073,-0.045464568969198316
9.198172972192745,-0.021000003447798916
5.9057298895052535,1.0051533759375013
7.776710093089578,0.3207453930179954
4.4075673557355755,0.5339944050196115
3.6535981962525277,0.3206713470672856
3.9824242372720455,0.22394980569446066
8.849646474834296,-0.033554144811719394
8.449309321729167,-0.24159038270978309
1.4997297532415854,0.5434733319907088
8.86942511450055,-0.11902273633662938
4.122910476125593,0.4978400647022868
5.696171038485515,1.2695423015546536
9.895576853412223,0.32686424459076824
2.9481087225891045e-05,0.4222079054974709
5.905407390963155,1.2512104659351775
4.055241267738384,0.7064300142705515
5.504127060186773,1.0132136662553792
8.00274964915956,0.13907389822583838
4.594355636954298,0.6436464228328291
7.012678843059837,1.0341583109827088
7.611131501277343,0.35050153029809417
3.9870383600545267,0.35971063533235503
2.244877090378117,0.3466667775344545
8.960102716880934,-0.3674291981298319
4.330974007318518,0.22050797471296163
0.5120662352969485,0.07542049012325697
7.340535852455904,0.31243366879325474
7.052120639540961,0.5379199815129014
2.139313287072987,0.278402825128406
2.7935903012087837,0.21861661593436757
7.666276346021372,0.1936598792283574
6.374028014515751,1.0620376870497215
9.959017574283951,0.01482335958734192
5.544903977190901,0.8535745401927856
5.740203495464539,0.9529195573468993
0.5909775790109784,0.04987475112562349
3.7191768552243087,0.08084740842832377
3.9931547118008073,0.08052423281693058
2.1496207704443524,0.621218303012757
2.2885804160504453,0.1922953360543835
6.017758852011063,1.31041054429381
2.773872096853247,0.2033110487309972
9.308631936566407,0.2474451952577207
4.040047279121496,0.4543796590884974
2.996436324945808,0.5061400603499355
2.532339622854285,0.1256041102679399
5.525328748905041,0.9758827174921072
7.549409522036125,0.6332950519063557
9.71520063307332,-0.043924792101991995
7.505537172775912,0.5604242708062548
6.982784050348492,0.8796305322453063
6.825978134236118,0.8506126331079592
1.2571988067018747,0.49697909033488197
1.5016476661563904,0.6579673017284651
9.563130391833656,-0.2370284897152856
0.16182172286525076,0.10596506667401012
0.14364091300723358,-0.1822766304900017
0.01761176792876129,0.028645788448213493
3.30325419637185,0.15685854929430276
2.378303358710512,0.5986909855413161
4.433048021621211,0.4533399111249778
5.72769744030523,1.1325967439533167
8.108340720380449,0.1090647726479414
7.979591696267658,0.33932796345609484
1.643419919418867,0.208896730250136
5.485450460510575,1.4043011493768105
6.6572241487350015,0.6190073789524895
6.204309661369542,1.0587441223892866
4.305812552455865,0.3634056925970558
5.993619075187814,1.1479883741234547
9.653742573726461,-0.07872497870012596
1.4216309458735465,-0.1259172972061552
5.677699195205028,1.248760971158953
2.7268637386311667,0.22930966609389553
5.812562481177226,1.2082581733752817
1.7609061087654776,0.4585358048961076
9.68076214865608,0.1399613325686722
4.598074070127299,0.5905492703708128
7.3322287377674105,0.32620746053807537
4.800842610681643,0.7327512187265715
4.281469599356328,0.5430608868976358
0.6104199881693995,0.12102648340197993
0.14831446371129764,-0.17113486575074355
7.433608162607142,0.657089492100301
7.689481606530231,0.17504445340389674
0.8730966763855075,0.23130575257937364
6.425366704686265,0.8861905747586393
5.474102911797835,1.4065227625096974
9.157657853145677,-0.026220711848336138
9.699163506437436,-0.4328481720579807
5.419553523895539,1.1695493050600978
8.741716712992567,-0.13531727799933546
8.617445927110847,-0.21971917940940527
5.374023018195073,0.8253164636896926
6.120707344734958,1.0511886719888013
6.963181034923465,0.8714672252983466
4.997586316497163,0.9030440444479129
3.8982566254000597,0.2831662587859564
0.6697148439132738,0.2340735378363658
8.189420077254873,-0.20784085179422557
6.301302109906262,1.3357297793624014
3.7589815808779017,-0.15351494265627913
4.9653054228305615,0.7581250606911207
5.278847017332141,1.1820149690692392
2.189437297824186,0.6096529901760871
4.517173977925309,0.4547712962915079
9.269031444746554,0.3809807994959956
9.672202542520944,0.1808949760983283
5.286672368257469,0.8551115867985721
8.481050096229882,0.42613004029860185
7.993485920051576,0.24175775933343385
9.79962289375624,0.2695029370033627
3.87897709106631,-0.04610765285619231
4.047510154911322,0.14312929166104446
1.1086451096160443,0.2904493222263166
1.3620037596683021,0.26119193776744093
2.540817584769597,0.6089340581784042
2.790290381307652,0.19853736661726434
2.3421456167373087,0.5542081223591311
2.474417062787454,0.24269517637741256
7.5101849565209715,-0.1134191518543361
7.828552366198731,0.1294546551756512
5.546868542220245,0.7798797484701241
3.371850269500082,0.34232380301816023
3.5877478799045837,0.07637088225726359
4.246091992260048,0.09055136142371858
2.5593845902410663,0.4359926178980428
7.499753870746223,-0.07163189739038056
9.47126252524961,-0.19293224086347757
7.209031737891002,0.8382252031395427
6.5967958411619865,0.7857621257006843
1.4516059375605106,0.5396905294650136
6.050057898340292,0.9090541710126872
4.355015304440934,0.5421136805938718
9.590414710527417,0.1894293310556716
6.073624291352453,1.100092048874615
8.28085089052751,-0.0509219527340158
7.238237688219048,0.4146732923791866
4.804285930049038,0.6282864974764867
0.9719111408693082,0.083261026663972
0.5042035390795574,-0.06152469256251017
2.3293231738162854,0.39430564961283626
8.50585400125201,0.09279602852691714
0.9003660386717083,0.3168281888497978
1.3301245131780715,0.37787369628257833
6.2663504468133535,1.042152361897581
0.8723592294919014,0.31537292183320037
5.623218532136161,1.2407233193790823
2.7512913898419367,0.4107811890910118
7.937742870088721,-0.016734321883211195
5.559607865107202,0.9479670594360731
9.137804212347186,0.12381391618940496
0.0211072036782034,0.2181201974873448
0.3211843431268413,0.3301989853606116
7.735149318141799,0.09527336251863003
0.8046231448827001,0.28364801536404705
2.7856901873867845,-0.03404387393188851
0.5917426983223917,0.03356025124603279
8.67492842649678,-0.25652288020867714
4.467267032345488,0.5026978050577566
3.675377620103032,0.06240829459715912
1.526473040233458,0.27255792597292006
5.918407938808495,0.8296359165017431
4.169092499797076,0.05560870091239423
6.220582487091323,1.2166165641057956
4.834088034292972,0.5389390485176905
5.0604240364905495,0.7900379353534035
1.7012654158266016,0.10138709252294403
7.638769042028705,0.5340459959043087
8.18868567088338,0.5673626035404774
8.220830014135267,-0.09744961350706263
1.2033300725254192,0.3345926815591781
3.9426259144640508,0.3687593117955724
1.5347128178239666,0.29555338893431277
2.3083647254342488,0.27743985734039495
7.894686324742668,0.3340156159055522
1.0619938493208414,0.06789651592882734
6.869746232671656,1.0178404399433647
2.5060818976614674,0.47759345941673925
0.0605290710804951,0.07342641421123143
9.725653991251168,0.17091202411300394
1.3999134378831835,0.28294475001263647
1.6190000052485543,0.40447309455112324
2.8759545416764576,0.7269942391684587
4.357942318278214,0.2215644262614851
5.850898742103206,0.8893910955492665
0.6982087854276597,0.0334196269867994
5.54947140336923,1.2380387025667998
2.0631730420799443,0.7298143349353847
6.712907828042978,1.1017966290425905
2.580454508936291,0.37478507438467773
1.3419988611252276,0.06609242419918321
8.888956531631898,-0.04905292106458125
7.7749732041297195,-0.10892225421808366
9.417168672601615,0.14521311667794845
0.9466899579101751,0.43598855686458704
5.828451792936317,0.9959760882008106
8.07118658965671,-0.028410927196916597
8.314767134733799,-0.18008502970199725
9.47548699506317,-0.17131730353580185
3.198865941329391,0.44767268291855533
1.322739175363099,0.1603738951565667
4.247753111427247,0.04756108344266152
7.276265754268756,0.35975997811844207
2.095925935538463,0.21371637934816728
2.2822184713178464,0.11995509333330157
6.354402277259091,1.0516400383670026
3.015814995099845,-0.031806156698278354
2.4268529905694525,0.540614322675697
8.104783566885231,-0.05683197098930237
1.8832595359064308,0.34474477425114736
5.183572764530981,0.6653166431320348
4.1917228564147315,0.4865894667776687
3.2162813756324136,0.023148984772321968
2.949356228886506,0.15660111320651054
6.578031349405985,1.2215767433270548
2.063272968827139,0.4929461213102065
3.769878155263374,0.07128767154428706
2.519811262673196,0.16376343263883006
7.04515964096127,0.6125159074344133
2.2760789231823786,0.20869110980089095
5.954480036818589,1.349733567914623
9.996412645740842,-0.4143008858935125
8.412415844372028,0.0861568198606186
8.895938693028688,-0.09298928439365751
1.6415559798807644,0.2137473810877844
0.3911785812986668,0.1278117423822575
9.494875298797467,-0.566543433470781
6.766853893808749,0.5077972673951691
5.862335463861452,1.0503544795165793
0.37356517913379794,0.1853897764794616
2.515020993169881,0.3517185740230475
2.189458589970811,0.7515724918671609
7.250622639213818,0.37518563638343405
7.895311458257314,0.22631590336063345
7.1554605623032055,0.5649646870772688
7.386337721440603,0.5719336600262267
9.024446451182062,0.15497555415261136
2.480681699715135,-0.04955050393311383
9.001463396091077,-0.0552564169724029
3.8204129190976355,0.6703987003874069
5.870222625610109,1.3101069002420538
3.7337079795176797,0.3603708205731746
6.757109279395449,1.0139181243743458
5.305756512616254,1.0021412379173178
1.0525169184898397,0.25668684986333795
1.8356700681469063,0.47584071006309625
1.614699866829482,0.27197991271980915
2.5712227162881107,0.012673882983296747
0.7821502543397729,0.37849382250773894
8.868650441261247,0.05551626916241116
3.218856918882178,0.5742993647229666
4.44647391751815,0.5128872666963096
0.3213948785959353,0.03538751121761441
6.461840025941175,0.9910627426521357
8.605812405623936,0.25696276054474515
1.8322114211332774,0.3783057459986374
6.092685726578528,1.4548130517638218
3.7547870145153492,0.33238275347601176
5.4574845365486695,0.7125742256511197
0.7306916744310743,0.3288950734433156
9.645973820511038,0.25270921322465606
2.454157603815802,0.4611638424134123
5.574974341918705,1.129139006033564
2.068341172171758,0.2888735020444378
7.497711815206084,0.6213071351362637
7.316216713776955,0.38843460913942435
4.3531730538432,0.5098876934196594
5.6021760603656645,1.1523259590595387
6.562213284760576,1.2325256059023348
9.390677693532751,-0.5285869785168517
6.638821097560617,1.1200129679256214
4.259296782888708,0.3404700335213311
5.1723551124893845,0.9089765180701528
8.051426497983522,-0.28052720657743674
8.214037358463097,0.12492025154420741
6.84625816833837,1.2188807056481243
5.389735269527276,1.2216749939588538
0.013230377226923773,-0.09936426266817898
3.8525257083626174,0.287931519083667
2.6365089982563186,0.3291858946351693
5.982476625042734,1.0358865854645438
7.894729174327372,0.21219941712449727
1.107558005010092,0.04785966831242203
0.7956574157727203,0.3377295177263908
7.292756947603537,0.40669148241320885
1.9644015792932135,0.39837668995206893
