9.299853427221654,2.5536675981705397
7.645132077506869,2.5264054103683042
2.3918541202137047,-1.033866427768984
7.061437925670473,1.727628282904071
0.10866848306946553,0.4824550906313937
6.8678785670474785,0.752352383957533
7.444347492058455,-1.2571163533773364
6.4917552930827505,1.8118969885771687
4.7723132125348275,-0.5636515022984845
4.672597893725359,1.4608429199738335
-0.4926967024801945,-0.8363033155114947
-0.35867704952853263,-0.6906533449501533
0.7845605030025067,-1.0080273780018505
6.5744017087570175,0.7790410096786087
4.146219933284259,-0.8193600308289435
4.6719237854824645,1.415467986458129
3.0463886373862765,-0.2980564556603331
2.750496195207787,-0.669461503899957
7.3561013212150925,4.365070957635543
3.4606896476847213,1.1578280778167909
-0.01760461125429602,-0.6080443897288488
4.975497285082193,-1.2741341095013443
9.960422517971676,0.6086270781859835
5.545797666045016,1.0142186289836974
5.408823370586276,2.6199873328226486
4.596886896499122,1.1828406101818174
5.716777486627162,-1.0518521258384796
4.20397583934155,0.7991500869160081
-0.29925548832007576,-0.23693563169885823
0.5039882918207395,-1.1765551184048482
9.095114174569373,2.592956106966732
0.6164514962941547,-1.6728708177755687
1.851368118428307,0.9152623414670236
7.4231021190854705,1.7490893008473645
2.3027670345797397,-0.052736151240543094
4.372675204386336,1.702281434264225
-0.8902706850353601,0.291518499096346
7.434620303280703,1.9269739117772138
5.378222779437072,1.6088581138019142
5.801440312373531,0.0819853470870433
2.4224707503057274,1.3547772397046849
1.4941980115048028,-0.16264701130105366
6.143937644221078,0.5264417453660581
7.546622462603205,1.3009307483229102
2.5354245017768107,1.7951254903795641
-0.6571182649693076,-1.243877108759265
6.547397393738344,2.343183539854534
6.155539942333463,0.527846509527045
4.039011166253304,1.7913220617751142
6.11351553662456,1.3015162333236314
7.556114211543562,0.3611014151057139
3.7239582949946772,1.2563892891572075
4.998661053803904,0.05418692729233565
6.0967470330753315,2.5397029825494535
7.227968501157665,0.6402776953751517
3.643783022101905,-0.502762569885557
4.774292036915278,1.1154359177920163
7.6839200992885885,0.7968271060194613
1.2181438953631059,-1.1585582071339788
4.380096127448507,0.9963262192896111
1.211105014741586,-0.9875627464621584
5.454873962506091,1.0525017379686692
2.210584219174107,-1.4544422847004257
9.238015288743807,2.1802315115227917
2.794254214209931,2.519682157956876
0.9441924991251036,0.33378218032636336
7.5810913496484655,0.7343346875316056
2.331040222813174,1.2830564123082047
2.9760227149600484,-0.0958857331054963
2.33545571918537,0.10007521208851217
0.3027649112779942,0.6843455245941359
4.84301841069537,0.09844265481815462
7.706280444543484,0.4451854518938785
0.997848946715671,-0.2696275798207829
6.385619955466618,0.7704099670062504
9.173212553148907,2.392270978520803
8.892553428787883,0.26575262434430336
5.59420517979534,0.7203392195631593
6.842914799761883,1.143433625590162
3.564843967984519,1.937348194228159
4.039901993687851,-0.3352438695732153
2.326279655933535,-0.8011462596264983
8.727901989238099,1.858442680532606
2.8400943947309747,0.09266308451729016
6.105438348604442,2.086485498739928
5.883676180453522,0.885454617918449
6.586155577539103,1.1048595115743538
4.020720176249161,-0.6993348970952697
4.9462234891999906,1.0351338900773448
1.7514104634170726,2.125871683973511
3.484580620626904,0.1370014667155608
9.632031832487076,2.4541737804172703
0.10387454877365898,0.873821275687141
0.2867558297391839,-2.6885016332938836
8.434641640628952,1.3064498339985013
8.98317728647607,1.598679765905934
-0.3101584517987195,-2.2805681007907803
3.212476055070116,-0.4239833515286493
5.238581506591736,-0.8956813458118849
0.8863803635141365,-1.3527136599273555
9.510593465643204,2.4802700655685763
7.469030760498166,1.4379011699715323
0.5430893872649787,0.4645325110359312
8.142814226735368,1.6700561581970907
8.149518071604499,1.7417640530958889
5.894349569511183,1.3414037700065606
9.333556780018123,3.36535283419194
4.683477814345276,0.8073489085046125
6.953280249544059,0.696538757648397
9.307973676832518,2.81155218387452
-0.7133071989090827,-1.660855742147426
7.445560754342173,1.213745886810728
1.7993137338732565,-0.9288139237276061
8.877638470087412,1.357871191802368
6.257491730308782,1.5246585710440754
4.703609666033674,-0.4409120361425851
9.707184379802072,3.5630054377677514
3.2002077425365583,1.5466188953861728
7.458091527408007,1.0101477051526997
1.6133445543130494,0.9583536264108228
3.9331957157741906,-0.2318250799626913
8.932931259264432,0.12072359291383461
5.111607565500128,2.6109672051929698
-0.9348607498732255,-2.2071533902057108
6.275436384801312,0.2196620493388557
2.421168543811784,-0.9609081255932378
1.9887572102117845,-0.4352604103532174
5.072357485479058,0.45073163665437477
1.194382209465613,-1.5973596305752462
8.553711116692716,1.9054658074483155
0.36994262072535467,0.4816785872380037
1.723794740523926,-0.6701910610465585
4.07059322736809,0.04176590095374044
7.976646577379931,-0.9512529667453815
5.33201857826253,-1.2118347576972952
-0.37414874455831404,-1.7739465222203048
3.4298881216381805,-0.4524994831353152
-0.29253544543115606,-2.0231949717235276
-0.607709140013122,-1.7317060339008772
2.8545196814885685,-1.3981130197143525
6.759451808402971,1.228325009831388
4.848661925786679,1.1679046281303647
5.03092588038624,1.8528618847541523
-0.16749141944305557,-0.9415093627789104
6.332801333768283,-0.5062853935619311
-0.7783203434465069,0.4006518265756097
4.75794210778904,0.8785901273658925
3.46309790301654,-1.5375218846791572
8.211548816822358,0.6368592765922283
4.540022800905278,0.714648704107968
1.5210739234164192,-0.5416644359239774
8.408732349177633,3.246325192044664
5.914841950684117,1.096324946950592
4.99472684033562,1.4749288273682564
8.045539569582688,3.028747196241903
6.778298724940514,2.2355541086987705
2.663195025354488,-0.9822573906029299
5.122123658023623,1.2290587723003366
3.609168859769502,-0.2951730035695681
4.916720893016278,1.4876393704826834
1.2895490385734525,-0.8605799464305373
7.70472361828439,0.7258326211469356
9.970789052340384,2.5124131231793556
6.266579064968375,0.45157581624977294
6.9791670057487325,0.42238154663933514
5.518887521626733,1.207113205946308
4.470649929759735,-0.5654305668438622
-0.22558420325269513,0.173512701047975
7.639866570977846,0.28930840684142733
2.5284560151375586,0.2843240022393685
7.002706602793619,2.0668470299036477
3.4158994433193595,-1.466389352722913
2.521211729385932,0.4000412959827315
6.048151891840665,0.09019360442819524
2.147971732421269,0.8178384348111026
6.567980180397647,1.8509884522871543
4.984317436753708,1.3574641287877705
8.179943603253108,0.8564336892306621
8.812136619250863,3.1729479925058177
1.1685600769435704,-0.024365301268582384
9.82297120868284,2.262762955269641
4.890587342840769,-0.5536000841760962
3.063584291380442,-0.07451466516832428
8.382839075566904,0.8254480311942154
0.9702609152425661,0.75222881854176
2.9655321868534186,0.7859255890093919
6.06675537610765,-1.1030238435668496
2.3123362420866407,-0.15116185911254446
8.437711885174238,1.46317740296279
-0.18065222140539472,-0.03822263841160467
5.567092163753238,1.2834542911900595
0.18209547451166985,-1.49406691707118
7.793971769363823,3.2047808830795694
3.0431070735499954,-0.9285403033779283
5.723260178839148,0.5781060331208967
6.865173290523298,0.7398340540895191
4.783706013704586,0.47997110317376174
-0.1321516955703539,-2.0792901826091694
2.1042304078698946,-0.8683906877774843
-0.3000653049586114,1.1827803783894102
2.5398773232563774,-1.0395671018618304
7.193507753094416,0.10173551438429707
7.101183193372229,-0.47006442813555305
9.23296490162852,0.8416579971369387
2.513642020845003,1.0225445579551207
2.271239636548379,-1.95942055210984
-0.34465243306178384,-1.1523692743197798
1.34577861989351,-1.0559314785467244
2.0629171734765603,-2.008981478285503
5.989814975088786,-0.27316068251470593
4.958502567663445,1.560296809769921
7.445371202798459,1.0399021217255153
0.23058709949941703,-0.6798186034906208
2.8092783766112133,0.6967216271612475
7.0203227845202,0.7398480438862484
0.5877064613805962,-0.8245623066004077
8.67091303765038,4.28446238506723
5.284534650572965,0.2293701021995419
6.014640927492671,-1.5029771295430503
9.929772397393062,2.6122301114330084
8.162352087415504,-0.2463964506954115
6.8883508973618035,3.508910710003347
6.18713112555797,2.3646671421724736
7.134445497501076,2.6348898666636504
8.966502362385246,3.2738859860305256
5.54219173891279,0.564771543864251
3.2489888985490136,0.27653134911346167
3.3880127751462865,0.6588815518492421
0.777446336163595,0.17191547480647174
2.516103348621738,2.0341612960704505
1.9895534565724526,0.8484448894986226
1.3410666720751547,-0.42653898777558885
-0.596611747015351,-1.351781547536374
5.204331636205724,0.23330342941745408
7.531471417274632,1.4883964857059597
7.043088529880549,0.7274809148113903
9.52550057749376,2.7193782290952493
4.210512299096774,-0.4760424239323684
0.8124183162341132,-2.1127206358825936
5.356036475329211,-0.3685705547992102
1.9612911083882993,-0.7551816186257181
-0.031066825398112896,-0.15863781148959022
7.658710941714023,2.6155361055651194
5.749065352281793,0.8172616305552316
-0.8919003027808179,-1.165642584871832
0.9112195386782209,1.0660140356338166
0.2388200342582305,-1.4436392430597533
9.02593865012788,2.8803121266459497
-0.5481586495669623,0.6100120437234594
2.341115871043887,-0.5652729881546222
7.723958645461497,2.7531452929133446
0.9695688734096155,-0.38943834954193934
0.6702603956895385,-0.10589672271532308
1.895406336165177,0.2879952141340983
0.6711449679206214,-0.2851361221866302
2.4148802627147514,-0.49942790665548975
0.3238402453122675,-1.0268125819952176
0.17684302581285172,-0.13490070036255086
1.8270266795305505,-0.8656158175029426
0.6381507039596093,-1.0595907692637279
0.45556209570382045,1.5197396427773184
0.4801272452424121,-0.29029464475588446
6.844006069055195,0.3561098545540293
7.27571731305164,0.301003276069312
5.840522235402872,0.027176116116750526
1.7919372547220451,-0.44096730282803065
2.7702312004712955,-0.540148142597963
9.274025596145666,1.5742040650566307
6.6668513657623745,0.6980052503182486
3.9824457462599447,1.1432191639482692
4.047348695160737,-0.880816333219794
0.6956437507004176,0.644986730625457
1.244969042765037,0.3788955979891226
-0.4449097712998399,-1.9634806545373444
7.395191279585607,2.368431876262559
5.307243304712879,1.3954195765619923
4.707061494736447,0.6859150354537976
9.889318654287175,2.706850274109329
9.188395007517704,1.533715090127989
5.511926538744182,0.5708083901234633
-0.7047809828142811,-1.29970246117499
4.657616409625578,0.8111528751434852
2.953721083035096,-0.22633637435169124
4.143576900957493,2.60694579016244
1.5586532123075751,-1.088868688177165
8.572564263147635,3.229848369344596
0.8177192791480845,-1.1785905920403152
0.18896300281597078,-2.0711929881474678
7.554468345696678,0.7405204907538752
1.1050462984681468,-0.7618936685238749
9.25807093349687,3.505483462072119
-0.8641580510538033,-1.2446763298026347
3.242396392228283,-1.736651232229523
-0.5831284802450719,0.08675627126520713
2.8065606365336437,-2.370661472649629
7.56789010632205,2.546105223436891
9.324864764092021,1.6697622994443564
4.809057674523828,0.622913826209068
3.2256791450342677,0.3538437615706827
6.883722705946219,0.9392551785960902
-0.14807214927440926,-1.9142129306799682
5.66951941013597,2.302511677922304
4.274909739948466,0.8440569889376566
8.094787259631293,1.1077045158740886
5.256130404284451,2.0672470361277107
3.3048431333281885,0.11169129357705807
4.872651531947034,2.293876999308579
4.037807706773315,1.1963542082552974
-0.8749333350647618,0.07197365229665809
6.601391066678692,-1.4281547128321332
2.405663469821393,1.151233342976479
-0.5799285005855989,-1.514998807706347
0.8804333094219892,-0.05026879398380585
8.977035672519818,2.4859903247730157
9.038664140576897,3.0360195187350714
0.2420098249038798,0.22088393976446064
0.8697315889492649,-0.8022096688833253
0.8148680489521145,0.12411857963333978
3.6278525276523954,0.9028196830407811
5.490638754544951,1.3875508769740044
4.267526080028629,2.3652768909035786
4.384972747449709,0.7674070487792783
3.914407289152516,-0.6416949393525904
4.923866504380855,-0.23129217106582312
6.919985992770994,1.965383582603026
5.7317735493957915,1.2888151932247058
6.421840930387706,2.754848450317546
5.738488175481898,0.35295963067841685
9.392594176871844,0.5286408837934489
4.796623488332603,0.5275700665185514
5.889356876845023,1.1227700767880686
4.10053680098544,2.065709269083106
9.470950910517937,2.4574350228940536
5.476181710854619,-0.32599446425504186
1.3663754119641052,-0.0768018335501211
7.268795905837985,1.6701378197468293
7.417705090522471,0.39809579920308846
5.4580072898167,0.9534594223966354
4.256813321506971,-1.5096907409185252
0.24920680622828328,-1.7318706375988215
-0.8845862572534307,-0.8914884979600188
6.293116794260628,0.49272318947275795
6.49503055492949,0.755601993749345
3.054782578145459,-0.25126486097850087
3.0331882796926806,0.4525037496760152
9.217386449994546,2.9762776184586857
9.42064836933707,3.2150117231302464
9.453345728003752,1.5829892023690033
7.881872972583169,-0.04680245748450673
-0.5474287258915546,-1.0500513775856044
6.09552019823496,0.4445493365840033
9.843098676405953,2.575484833633138
2.2592129280916624,-1.0307916157893358
4.385102524361708,-0.9540911819480351
1.8163716592865682,-0.6760911253383839
6.7305981465292355,0.47138751703328363
4.960524947697392,2.6976795489756213
4.3735325164728325,0.6087181938090194
0.3421318279728274,0.5611225809702033
5.926203471873572,0.3378889228229065
2.532523074723501,-1.2824288456472712
7.3299446575316,0.4128384609791447
9.741783723526591,3.01153610846733
5.977021430508879,0.8958238288576145
0.5272062868028091,-1.1607994279952916
7.133525032266467,2.6998332550552284
8.382149405216463,2.3917355567688965
3.1971331973081565,1.4177217367125934
8.457777182082726,2.392663221400272
5.589773225909376,-0.3445447883438941
9.799502062868727,0.4604378126604409
0.15108656262568632,-0.025784757703940286
9.341222722971379,2.512524056885568
0.7206596565280743,0.8505574651025688
1.9613337728897404,-0.04836163864431514
8.293845639878503,1.421571859737396
3.61545968586121,-1.5084970757727107
-0.30374167689993015,-1.3104366086571657
1.726965907556607,-0.8793499632016682
7.096775243217705,0.1424621635651533
1.4907346542608853,-0.007990453610992737
6.684441067268847,0.6094590014225508
9.798193151391947,2.5750284206700216
4.287593776382651,-0.007327975176533719
3.552520991133018,0.7507556334470061
4.410185737272715,1.0833356367634612
2.502233789751285,0.3257033174143309
8.630270641848137,3.1317601508470263
3.4332662077764766,-0.2116922584483596
5.690812274859525,0.719427333073758
1.1578846367617177,-1.1403608990276755
8.36591002763253,2.0969539246554003
0.748457829206119,-0.47149893691245637
7.357793291316812,1.036869011378798
-0.372689415841012,-0.4063171222999679
0.7180309326975995,-1.244921169630317
4.264332880181693,1.0849480985280517
-0.569006935022605,-1.3707954873056845
8.442606855599239,0.26624207293861457
9.650957221751318,3.1793793085907676
0.7254528611564335,-0.17026889401093986
8.205970937082713,2.781406281778926
4.991777824133168,0.0644283245702062
0.12883344135106456,-0.4332117156715638
8.151039910824453,1.099334803337306
2.8790507863917805,0.5908547827673143
4.372615416391171,0.2625196369880542
6.714179143957425,0.7069021248918919
8.411556457894394,-0.5000313764301259
0.26636884509429404,-0.5123089095602202
0.28880301174335865,-0.6995809365074295
7.679770779697646,0.8608628007018255
2.5589618018473423,1.4130896643960094
4.1043401551745955,1.4335239388095435
2.090721565758077,-0.6119730849850402
8.914266715464127,1.812239889134558
-0.10844982348497578,-1.0417396437623547
5.403045251894489,0.38661552435007396
6.348026742347131,0.9616259451660487
-0.667210169831577,0.3887214508632558
0.43909604185924245,-0.13947603456422658
0.8747357806252538,-0.7126760543314999
8.091142812526321,0.10194968169584695
9.779143119705969,2.7492387432322176
8.390259747644922,0.5835439764014352
0.6689821411772492,0.5581752209976389
-0.05361127736797444,-1.2441489568338722
1.3785904352016223,-0.6018770724527276
1.092856271313031,-2.104645602586425
5.962415107635037,1.293985505911625
3.260187969720665,0.13141929313035436
-0.458558960557076,-1.686349176444538
2.892308516152341,-0.2535098291917854
6.904987779964053,0.12669290642169728
2.36788329878449,0.2111377849799928
7.0839955346385075,1.9716713201714966
4.598291898247477,1.9249895569691513
3.9606565951506862,-0.7184646887940052
6.091959869248535,1.377335442676714
-0.9416710612399404,-3.5446626296124397
1.2021985458353939,0.5712106620030153
8.246218785989074,1.179468078574876
-0.7606323929748873,-2.151643221233779
5.049886925828837,0.4743538766319778
-0.7083561775646409,0.5021217584394618
2.385943707952256,0.1380042559122936
4.372500684992754,0.11127233501980893
6.417312296119975,-0.054891599914899114
8.114953370177536,2.041406951308647
5.506546960751473,2.0662025895836242
7.397341493958557,0.00609564765209325
6.2547329665267215,1.3705895989382695
1.4755322480196904,-0.3446772475834245
4.607751908524237,2.42952201883631
4.63456708538876,0.954294334294391
5.309548134990612,-0.2698489563711337
3.4079447461378525,-1.908285404679115
4.457706008707208,0.16884546832474528
-0.08050967274811971,0.31206939491933583
4.083226807727823,-1.0972042178401702
9.438446323949153,1.8696517280555793
0.6283833335251936,-0.8383618160294967
6.180167459958371,1.9274371794116698
9.388979198769515,-0.12153423269970043
9.795094061969582,1.3322327655863813
6.66740984533469,-1.7256421017963823
6.4821730542614615,2.0961703045248434
1.6956455868958367,0.02038803881450063
7.143768431375795,-0.0441556701772583
5.550022131990126,0.5654447212420459
8.276933823930271,2.963929566317364
1.1886331093891345,0.3092751124035752
5.731230992050289,-0.625340095008972
6.041890996737713,-0.4382484743125945
5.349786703019285,0.3578770943206686
4.723379914083779,1.5978860102201202
0.6926662807072277,-1.0855763849396367
0.9368659972481699,-0.4211975007582839
8.132677597156505,1.265035675237066
5.561520705763247,0.14298302541000518
6.209122228280307,0.0072499783048580735
6.8202277813725205,1.138349570562095
3.8198763238755618,-0.030980906546996312
1.5114454398328752,0.16006892679779755
-0.04918226982859819,-2.4380753896714884
1.0891734368265742,-0.7546225309498402
2.480151734481098,0.7511483094964139
7.96302587067656,2.702227991267489
5.839731978357457,1.537197249976143
2.287708955836321,0.2384061367011503
0.4395123989535654,-1.2079246778374748
4.839185511096846,1.6408735002697885
6.733868354308496,-0.20795815649442217
5.905728047875993,1.8663161388857241
3.4117750652199597,-0.383172115594412
2.730111550390657,1.8922822865847255
0.04167250205504924,-0.869050539559208
-0.27808908644650565,-2.469245230646837
5.676755626182156,1.3106900387317217
0.17136688542422407,-2.2675700117385205
4.521143799544905,-0.1514228975233498
7.270935047523793,1.2507621491469372
-0.2535342533501007,-0.6778723423385922
2.3261486827702167,1.723856745816612
0.6539265104647947,0.5157659766945707
9.090048014523779,2.8423977898029267
3.1608114977633504,-1.767471409384521
1.8331115454976201,-1.7321392169194323
5.527555944183684,0.3623418179065977
1.4937209389788961,-0.09962272945372427
2.932790347514337,0.6482390242322957
4.799676100531604,1.2548989114730655
3.2956745926684174,0.10006918480120675
5.656083121421506,0.046646373640547245
3.8710685454941354,0.0748612651274988
5.225952472997911,2.337472404863744
-0.9288409736828611,0.660125964418305
4.601501184489625,0.35091498499368334
4.766723704305396,0.5329088137762694
9.456371335178348,2.2218648507057983
-0.05029586630949168,-1.6090992939340776
4.850088077161188,1.1594400479356866
9.203040992479565,3.2030129733820107
5.885370429148659,2.2836179172454556
-0.6131398506647607,-1.2675755951532928
4.731598176318897,0.11447028638865386
0.14181053904287744,-0.6292641473488761
5.628509665122256,-0.5450151705089987
5.155908437441768,0.8570730605428752
3.296033308928944,0.36449766868349515
6.027571042850149,0.7814282587216215
1.9963313660224107,-0.17585324948184516
5.4485901632132325,0.4117157908810464
8.442663093885793,1.62984779918805
7.942559006624203,1.8535995403733039
4.481951208782392,0.2545138866524864
4.511407734822196,-0.11974159504864568
-0.5639022463234755,-0.9273596170204691
3.5833301238238056,-0.3352743690389841
2.4837606113973445,0.5691596674465444
8.022481669450517,2.257884433540221
-0.1729902620411069,-0.8657201475200372
4.3563598699527395,-0.18748121701555753
0.3502614435074767,-0.32396213307007843
2.520146643737472,-0.8014765622836366
9.710073355189756,2.227244351588182
5.919793323827953,0.42945335510154947
1.0933973704795217,-0.6067209498496202
0.1408934785996081,-1.3852339173816715
7.045487461846946,0.7487214708721445
-0.6791667937958712,-2.7507538756100756
9.083993327593529,3.909104080118065
1.8742933875355643,0.6826793346945066
5.873427507172618,3.4443723471500927
7.834332310550828,1.6774443895029796
1.4902997363545825,0.1178868310152914
2.921545688469348,-0.7811297921768507
2.852729829413672,-0.3448184009302957
5.2994293173193725,0.8752625836095905
1.762269895762799,-0.8323788594103441
5.931442209520784,0.8032695037948369
-0.9552368124303757,-1.5442224190634677
2.3875777814395445,-1.5827876183781378
1.324920352365579,-2.053718865059356
7.121102347140642,1.2253746568693882
4.422141110818348,1.264675362902235
3.0804175306588304,0.0014675889138192622
0.9904019286194905,0.22675450917291778
0.42279700153390554,0.7859723926359743
6.066576173504742,0.31761775186844454
3.1566546351336573,0.4813455765389516
2.563335326351588,0.6748820939442831
9.791754200154251,3.1824632099988137
-0.8165559502801472,-0.018333465581850228
4.973243453863623,0.009313253208015015
6.48401930360843,2.3580245446342802
8.983656617710231,1.8006040970838872
9.976942687823321,3.239964840762707
8.134925293144246,2.059177900229089
2.8428863921907213,-1.4739660593647308
8.542360593994475,2.6638223627124566
2.4947993321897926,-0.4003387378094328
4.512298163580005,1.522483585836697
4.964440079869152,-0.8307498020457662
3.267049358210013,-1.3539418667439942
9.22505813216802,1.8065743527651605
8.664668204504522,1.9267837041570126
4.828450401784474,1.31031960297753
-0.7460784568568457,-0.6897283458453288
1.895080090189925,0.3313623264223148
6.002611031403065,2.220344593579068
-0.5113927211826591,-0.366892137199085
7.275325661230484,0.7259377416209349
-0.5382298796826539,-0.2565193731322488
-0.7580854434178497,-1.6183354480323648
7.035993398925967,-0.09870910833225088
3.696814365706378,-1.0364995688287006
2.3617590349171786,0.4492525450849482
1.533807758074461,0.19547395325639616
8.829417541615747,2.0515779413756117
6.1165747567160675,2.5853583630252084
8.785770520572315,2.5377608534720064
3.9501954229799576,1.2035259956060658
6.148913640896406,-0.38650785591529147
2.1093268586597436,-0.48076957353983935
-0.40350210164163103,-3.335253909934976
7.398721414887392,1.9433858662659154
3.415226186252519,-0.230218142307415
5.968133985548158,1.5322734360764714
-0.5353809183277116,-2.3118840282885222
1.0403170399951898,-0.17425755667829695
0.009815033619853919,-1.292247884009151
5.4483804152795505,2.116353265236842
7.035659732401292,0.23718758801406348
8.485639661028923,1.3453487757689044
5.100133914053639,0.24671903485122948
6.036540804044716,1.6848649946520051
7.934002185611384,1.9232363086635278
5.606612622176942,-0.2019485430599559
3.7927618929422273,-0.09297161458281233
6.7004850399727385,1.411247680751592
-0.6585184505631876,-2.006304517991694
6.015002825110608,-0.022378379047128583
2.266194407973928,1.8590952942558747
5.308509633742717,-0.8247872867774837
7.450960646854281,-0.1222933961611119
3.1032985755502427,-0.4668549953590182
9.110134408906433,1.2367050790225955
1.1972037101237776,0.4818120303287611
4.250329993027053,-0.3147735462655984
8.062364091354487,1.4325676574739898
8.04225045877936,0.41118971472040045
8.39528958037414,2.1946457463115756
6.006045970750985,1.2430455800372866
6.770928247794099,1.0463983148777944
3.700806942181826,1.116784576213798
5.089075441412069,0.6217507051423014
4.394186712229771,-0.07783450131620562
9.186537281760215,0.8323775459935512
5.8370994325913355,1.4853397418334482
2.694070558984128,-0.031749246384169816
6.818843360058585,2.02158236922559
6.2517384530903115,0.7912750182095816
2.9218626337020788,-2.1343436478294224
1.563162831500926,0.937790930609927
4.226858993520313,-0.23719916515215256
3.542630197273816,1.2204169046048492
3.3064648108663786,0.5077061189872231
3.589187366474098,0.8093012227996272
0.1476452628839171,-0.20106814793576672
4.209661701998067,-0.26467602049409966
2.4955100066389173,-0.784038687966445
4.712901586021761,-0.046127157442299005
5.280983124744987,2.212311035088762
7.938869914304616,2.0858458878366015
3.5913714746022345,-0.05481244828780946
2.0891888828252942,-0.1595055463896638
5.089362775135413,0.14295842516183832
6.557770606575538,1.7738326135324933
8.196460055613088,1.3170285449194243
-0.46969534288606307,-0.48066684754939293
8.457743174403827,1.8513494806927897
3.743031632181843,-0.423098996363544
3.234695966549694,0.0028118680715330524
5.0480978358354704,0.6704176118392586
9.366059048673463,1.3738317758462415
5.254241356944378,-0.2716730602005555
1.8487280340645902,-0.9429892693532145
5.559803003088639,0.34616607454094794
-0.42837135793206105,-0.4283105433985309
7.190732567733358,1.2932751008165173
0.26127477790276843,-1.8341596440983767
5.82421311887936,0.25706382673626205
4.909287982550967,2.5116951624392896
2.5986720140680855,0.3177552660161261
0.7593214682358922,-0.22997391452618682
-0.4919080343248111,-0.3317612113669087
6.770769548881874,1.480588353893161
-0.46241087716036233,-0.7830648503571586
5.4952799854785885,0.7910773750577762
9.868359039241353,0.2938804583920467
2.198260583593549,0.47034367300195423
0.05314584517066301,-1.5338603081459152
2.2881560250336346,-1.0615899116097838
7.139800449369245,2.238517357356133
5.221476990362749,1.7389443842409043
4.789546178967625,1.5752037675055386
4.072320611141728,1.3655372392440777
2.2550136315016154,-0.5989302271815748
5.450701386944084,-0.3593959320073108
5.004676457287597,0.97694366004593
2.1078275404157467,-0.27432871354488964
9.45847740858473,2.7456559741161484
9.771770315128428,3.6843407954896334
7.0892216268846,3.310795800513967
-0.9350313933588125,-1.1874309791570634
2.5269600091523925,-2.0640148444385717
-0.6976896308745307,-2.8978617651194325
-0.7746786910704198,-1.6154820025238208
1.0119940712592168,-1.0869923592380757
7.518326556781718,1.8591309392827762
4.1614764030370255,1.091959291979015
5.733756636917801,0.26632807204911735
2.0445570000481372,-0.4623856969068576
8.73474054734282,2.585691214758387
4.998575290844109,1.7205004597471953
9.749111815273036,0.6007426031731538
2.8843064872699444,2.30577250176512
8.112741322943718,2.108884093846343
4.898487358030142,-0.8065842134836787
0.15185085547751598,-1.2334304721157054
1.199059571782183,-0.7839626397969848
2.0076804764378493,-1.152352218936806
3.052896558623406,1.9635358012051127
2.1331706358204157,0.6386442473692795
1.194817984427318,0.16512504186060467
5.828178480035342,1.6589838445664056
4.590782624753923,0.04095680204775021
8.4639991456996,0.4853015362573887
6.806515774223463,-0.45757794650765615
3.1630156752256458,-0.5557051047115156
7.471950854412301,2.159079976179443
9.938258535988828,3.6932406773528585
2.7280604686638528,0.47724426559303773
8.623224536286584,1.201793689145807
6.2278869983085565,0.7618415843238051
0.37590785105312907,-1.5861822532683063
7.144689661782159,2.288463045831268
0.777444888448517,-0.5597610949668883
-0.918515515764738,0.11837737861645548
-0.6539294099601801,-0.28736529702858093
7.356886787034767,2.370878172663129
6.678325440886773,0.5788294709988872
0.2567572747181672,0.25667449680576304
3.8502251241633685,-1.7085353216301022
-0.978378941838585,-2.51529262181242
1.848296141602181,0.14477796875898802
1.4199582183173987,0.32559613876986016
8.234791273777894,1.860655757535861
-0.5932174809612966,0.8426023664798739
9.014928259244916,3.1374956212119387
6.946368699267091,1.264975252450606
3.2773165833146773,0.21167220052311755
1.958151615467047,-0.19567816425597095
5.8096169179977935,0.13155206014078435
-0.9858644002391121,-1.8423508088965637
5.735344771772582,-0.5223444878534547
4.427243284349629,-0.06222463125562072
0.40153953028831,1.0037607780327693
2.3647858522815084,-0.23562395090404575
8.238390307530404,0.9143787275266209
7.843036290624708,2.4330474119408754
0.4741957421577103,-1.764737584415444
1.3494510733195444,0.9750459508185041
-0.1260491691025879,-1.0997163461266488
2.025491953400977,-0.15183609722049524
6.037985136055175,3.027791641989535
7.833379603502408,-1.0166409910571585
5.494004398223358,0.9310700902225281
8.79834838593896,1.2661451289023389
7.616973572939315,2.097856541774297
7.486390924059473,2.950920949890228
8.462437829414956,2.30426593110157
8.362271110960494,5.129130922847716
6.509418492248015,2.0665978912552125
8.597689234600342,3.14922150064816
2.759641771887482,-0.8115165850488466
0.38072599738070023,0.9954626044949909
3.5953144424703583,0.4370675398459294
0.6861347477177502,-2.2610737115370676
8.100633980433738,2.4212257854563974
-0.12380675555573084,-0.7921282003913759
2.6269444816388474,0.4607376968391439
-0.5445810105817218,-1.737264056741593
7.3428440535552095,-0.4071979292028154
-0.0203412596182887,0.7807397487623312
3.7607414906105516,-0.4855443021576368
-0.18390306628966335,1.2343384483718787
4.805605713714039,0.22911478999037826
0.08146826030821996,-3.003575286202115
6.694615958590735,-0.39025091829616754
4.700965918935774,0.6547697434860895
1.1257114016824747,-1.4505813899420432
7.188814210851085,1.524029568883269
6.133778189165852,-0.3661375219094205
9.7754043821392,3.7806741245156603
5.909125277949662,1.575830355940294
8.91322864848902,0.9049593899635802
3.270645985014893,-0.22206751081434994
7.7603733020707875,1.9880276452609296
4.716421301492369,1.7861030133172424
1.9426068524735438,-1.1463141271658344
4.4837923211411095,0.6469080891004327
-0.31881729423023164,-0.33559856330372384
9.779924455207203,1.3476724290769964
4.5949308007712,1.6064842119168765
4.4010580590469655,-0.03506146571086943
-0.4599466655009832,-1.2337670624661397
8.205480406978285,0.993392720655193
2.9184867809676374,0.5357015080936925
6.688387518023395,0.6781470710811265
9.546124848834351,2.6778171035788447
0.10850588086584212,-0.798733461765688
5.100104117832126,0.1353014634363111
4.577458150292277,0.9380318171268065
6.995930103232278,1.658209025943684
1.267790907516467,0.15480612749564965
7.557837925807165,1.2719892830073491
7.814336403581343,-0.07487196655786055
7.27931563735828,0.6578172471992256
0.023357290012322007,-0.7864806790953272
9.980914660798716,1.2507414680781477
3.2549442412158474,-0.34731415244449093
3.9824658643162554,1.0481580721599153
1.7715699400970908,-0.02647730490375169
0.711244169148187,1.356500469956745
1.6475231450492553,-0.5878609448745906
0.3201034411070962,-0.9762525962126144
3.2226181770042093,1.261543756441065
-0.9588124772562425,-1.6321449965337673
6.11604101130492,0.9735775773078946
5.249030475117284,-0.43858530877689583
-0.3486190242043863,-1.516040861621096
2.1091793637791847,0.09025454235546723
9.48209012177433,2.8979416940824128
9.825093880641687,2.7443600842403555
9.189402069521186,2.465459399839531
8.87006135129165,2.140393460840115
5.034757559608318,1.112428936324542
6.637358205231977,1.2826754327674712
6.649735534593118,2.404121254392771
-0.94329911019068,-1.3282542749126462
7.6802675033306755,1.5643351011392659
7.130266086333998,1.5112177063297185
4.2457484178225275,0.6697537569030143
6.300694527359681,1.0167540732702127
2.4867921462810045,-0.7296642634415695
8.685637595423454,2.986084245267774
8.378333003418158,0.8606047067105065
9.242281910495693,0.11153004718550408
6.154511983278133,0.7356086497563386
1.8519586772494825,-1.027076420750828
0.6174901826104069,-0.1985878446101384
7.603770114685899,0.6846149402481388
2.297385922734297,0.4171176464641228
4.879333575721569,1.8890366921556683
3.79686563851788,0.1623495104497723
4.1961456268182555,0.780364733372839
1.9663763063328124,-0.6500431030765845
-0.6707153918550023,-1.588844982411379
0.8214416132396916,-1.5397506308864546
0.15184229942884508,1.131432183612283
-0.03176742544066424,0.13601183218784585
9.10529370591734,1.7256364118731709
-0.5398342882312567,-0.9403902938320717
1.9502323562177972,1.6293863326935583
0.30594967320924393,0.3191547160264524
0.5938333404816689,1.4953159539001695
6.391412713687343,0.554323836432315
5.0615304489930555,0.23257962522880082
5.194197830182386,0.66072104552143
5.026180006526142,1.4201311492428281
-0.4989562719049717,-2.9998358417984408
8.281881639458343,2.122198854524614
3.296082457452515,-1.3444388245372392
4.089191604148495,-0.620611284543845
0.3849554569276159,-0.9885477095453052
8.75310036061045,2.420581426183088
7.168461340787296,2.0128125805630734
-0.9283365089125882,-0.6449048372932273
1.7375120987861385,-0.5602593878241839
0.05582657312583761,1.501628110308425
0.17814884839742673,0.6143752987579063
8.267172087728868,1.2717510937835925
5.477656227206566,0.9822826086483003
0.2497138516898454,0.38096483005814685
4.960361049078077,1.1650996893277148
7.554888850394958,1.4608024946501843
7.42153703552853,1.978458037096579
7.770499021363969,2.4155492839813735
6.690218967197288,2.7578253583900985
4.124573763299834,1.2580279776041223
6.658740583299007,1.1344836450654223
7.953965256423272,1.9743567699893607
1.3656200722963456,0.42201484762302766
-0.3142006176339973,-0.35742855653166944
8.552148078349132,1.7688555281556895
6.586981774875673,0.6089415473782837
2.792627083504645,-0.34524540776989854
4.628807230675489,1.7115601411867287
3.200441616814876,1.0142011130080069
9.936515128940885,1.046443221897442
0.25755603175744035,-1.5950572680753248
5.643397157775799,0.5171060776117109
7.346508302171701,1.0566652926860605
1.7754108678506997,2.3039021751973454
7.4151113396037385,2.3367872515015446
5.5544316618247285,0.982959414683743
6.519168444152111,0.41330000743728257
3.8678638229797393,0.8626365950880585
-0.9668048418860217,-1.4896348646737114
6.912586286677975,0.30127773539488434
0.7546193646409531,0.6877392894877588
2.039089992631048,0.1552153376518219
7.1054766282162305,1.1103279620932573
2.243905117891826,-0.8956101180132887
4.635689060946174,1.0179482191316915
9.996956559119305,3.1560627793145772
1.2881351959298004,-0.5120680263929703
-0.14326235694062694,-1.503482657818764
1.1723784688984598,0.09099502929009246
5.856603879494303,0.11768459776278306
3.3228219923352063,-0.9488538787735161
-0.6917246250248978,-0.9767368321523555
-0.7622549749040666,-0.21588987744007793
7.974353926437024,1.3348177000875956
4.732915260336976,0.6309739829600055
2.498174728605037,-1.318398179770872
3.4653833209703304,0.02780652764624758
6.7019671200178745,1.2796665619113896
9.365111249484952,0.8739188412195402
7.618753931298958,2.4487051794459207
3.775787789233002,0.8143688265097446
3.56997531117508,0.053888918026436916
7.808740339164359,0.6059010003931153
2.5851757279028433,-1.5790650766159877
8.799311267936925,3.8890760151248993
9.612355870465171,2.735359135914554
5.444166285394905,0.23105908838782152
3.711545454607668,-1.673917378430425
1.2229924909256114,0.47868604500824646
0.5056758685730895,0.45610488016149653
8.434578919182009,2.0421576138461113
4.67831042038731,1.0578845051266983
3.81825851930315,1.283021301183115
1.2003844594948863,-0.3122190015887377
7.1913884747766215,0.42118505776918846
-0.8858941832758254,-1.5738975418751067
7.1138802006118045,1.4067993794220486
3.3206309430806904,1.1402819015822176
9.86128156258476,1.6183422383994528
4.179271060629652,0.7362357842933829
2.088048710557018,-1.2352169081131974
4.998664382420498,-0.354577092207629
7.666777818707736,1.7609436995818384
0.25700679027186535,-0.4874563058103
1.6012670418192574,-0.34261082500303885
4.147252030848878,-0.8307865231190474
5.0749896525266855,3.342807099100988
0.8435335859808444,0.4902710807339455
7.51816783080953,1.2777062944575315
0.20871226686301103,1.080883181584186
5.351213519214797,2.031244972510364
4.644606979857615,0.548242219053531
2.5753687992381518,-1.5710380039774496
7.663385340308361,2.2472438855684396
4.418693481981518,0.7312672006685227
1.1777330701208522,0.20948125972479692
2.7570895779059894,0.8470795716186751
6.240805331815981,2.209096047169812
1.9901351398604024,-0.10221602196815413
4.899520315373337,2.186154073233272
9.33931297278301,1.193493845914141
7.273630954174475,3.105062818544538
3.8874860287573068,1.6767201330593065
1.2415065864593515,-0.630131688201891
2.898358867105119,0.5481378504186138
0.43168043885956964,-0.02716983493002445
0.6200455988333422,-0.9373240409894363
7.512277314895215,0.5877992370334381
9.408249366301867,2.4970678681079077
7.414717332597027,1.4232900999573306
2.3444208162143676,-0.25266048820520154
1.7713694742111965,1.1232385351925056
1.7532363403201283,-1.2479313901909075
7.971109534134989,3.841807087343563
0.8127632050881759,0.8818166652393721
-0.2978040609863598,-0.8047850878357988
3.6184651149025173,1.125033417855922
0.5981086502778328,0.4447859997649539
2.8110179813917764,-0.5587852357518469
6.79989110767455,0.46201557373975033
-0.29058476738159233,-1.18572720321151
6.518241664373149,1.3059651998616073
8.288642727099031,0.48016581408657677
9.744294240460455,3.1639497796220146
-0.8318156243075642,-0.8303056285512593
1.3780136957584892,0.10385812416067203
0.00016819690254621378,-0.7125754068384376
6.973383315318798,1.5380315203887145
7.098913398849106,2.0756811103065145
1.164489483821217,-1.0059142367491767
8.615440752274909,-0.5527797046899601
5.175167314321213,1.2323111813859364
1.1548022533501148,1.3950099869415657
-0.9685919870537324,-0.28612171278379606
5.1551329964313455,1.658122919163491
9.057391182865384,3.755595838451976
3.462440715840078,-1.0376892865974536
-0.19381504092853608,0.019223901252675035
4.473028817597628,0.4001952415469875
8.496250739612574,1.0632527026132776
-0.15452795746589532,-1.7443532170138978
2.2395785895777705,-0.6806610368822595
3.4944655994257863,0.6186504277000331
-0.9084206335701676,-1.421320622941845
4.10888286009657,0.005121098114772682
1.1354122790499828,-0.05931280060256655
-0.3053880980479644,-2.002137701866129
-0.03815832227299332,0.33239067572438463
8.438035346862852,1.8402051356354738
1.8532256911652238,-0.647845883235031
-0.6835330809241164,-0.34094922672303385
9.233002769381308,3.3164606557090726
2.3685563467441373,-1.1944735265985131
0.5490328196070244,-0.06661217692230798
8.659979621173958,2.317791757218506
7.538079387891498,2.277178148772256
9.40320741282686,2.4477393649304675
0.05860746875384981,-1.8030687024169747
-0.19594905776790839,-2.0158204161786015
3.4600457446783075,1.5297192610373267
3.5436400712633427,0.833629166246873
0.88029412425466,1.1000421592947252
-0.8465176535159088,-1.1531675097389367
7.286305755410089,2.3679090736220108
8.331406051677305,1.4781947437022862
1.5562613887190944,0.6618160964421529
-0.954387500547105,-1.4731818472224933
8.878065021510169,2.6578314707824964
7.03156782838767,2.2753184408835243
3.176368825819588,1.3214921672119049
-0.3289030193120279,-1.3189903696960166
5.044957440844643,-0.15666943565328917
1.1639914236579054,-1.0016810253387387
5.590223540443074,0.05700264311046921
1.9890672537462706,1.1826377054641855
7.927499923390547,2.404112827980564
0.49073806731950453,-1.3760956034443304
9.426028505484583,1.9350862292467013
2.1868118293615275,0.4184792095537983
-0.36719793767462705,-1.6568307061657757
1.176894324373662,1.821209690262374
9.878836491069256,2.8675735478275524
7.338973472148751,2.8700044569822136
2.86700661848042,0.45335829286212553
4.132950636909506,-0.23081165533606018
5.513793163139822,1.4665437473480845
4.289215181278139,1.4054453989928932
-0.7312122297558337,-0.33235768869226956
8.011310618895326,1.5698839906829634
0.39962727971343215,-0.8128191506007638
5.920063343310549,2.059506246706484
6.963723536996716,0.7653882691447164
5.968517025161831,1.3228923751541637
6.045757877683322,0.6591021991904229
4.121839020950829,1.056910015871052
9.967446851010017,2.530261989862549
6.345958368692294,1.80400747176213
1.6062246306078025,-0.10851840310110543
2.703151850858398,0.1663561498897532
2.6707191063434275,-1.60848458521779
-0.09819903972262378,-1.0194852446523222
-0.7598056789769789,-0.9857287000823339
9.274176974923135,1.986729774628275
9.04031645674249,1.2287222975237273
6.56196244357816,1.4307401542604048
1.8043130607528375,-0.568268048635372
0.9743341140481783,1.0263944865853791
9.159841931628307,2.8528893517241625
2.289572118062064,-0.054613416648954465
3.4234612371481665,1.3992372228149663
4.186555124749513,1.8826470907635773
4.357382491216649,0.8545032963844327
1.4599987981497766,-2.457481846922054
3.7660321326681974,1.060454029739386
7.039228974582908,2.8784506991743735
0.7914116218526925,-0.5183622042311355
-0.11127595307642035,-1.5312417180050928
2.8228434882346773,0.38379298074228585
5.128978145138823,0.7937101170781378
1.8291200268389662,-0.49465832958451555
0.28354193535607397,-0.7964828262466952
8.497801334603404,1.3356881024131386
-0.5187485093366162,0.7207320365955204
0.43772848934084463,-0.46547680766381766
-0.9376529866397875,-0.6159159985763769
-0.7241132332890826,-1.6213653866695867
6.379039867570758,2.0141236471876147
6.768500432786299,1.2762829625070071
2.7900684725280147,0.8094210053668405
5.4648870681180615,2.3630868304111443
4.257968743733793,1.150682750958903
3.254135088874781,0.34919360646122866
3.598729837328305,-1.0145725577416578
4.789663025424673,0.6384653017544784
-0.8294100919552339,-2.370342064501303
6.334836003986146,1.8494033267778582
6.864946943111336,0.7023720990828027
8.643235192292135,-0.35169071030745047
3.1849810503919684,-1.0623347260799678
3.0281997152899844,-0.08086364093130022
7.177964784435664,0.988686306819368
6.785773829449316,1.778292890135508
2.660783500617752,-1.2106759790969006
0.003928257701718785,1.0659069020542096
7.766564365916079,1.004644917618444
9.35909488793411,0.8213444724052348
5.377475862508537,2.0358299874559167
8.290598267025286,2.341529662130126
7.845406004817676,1.4439906190620293
3.2076321228384748,-0.9329592706296987
3.762266802289285,-0.6471515936214154
7.420191507361157,2.9898429853332864
1.1689120843903522,-0.24974708676758695
8.410111203768269,1.5320650904816344
-0.26542998985723953,-0.4100229845949731
1.9097257986905034,0.2945916536287881
8.744302464081532,3.7577592386075374
-0.6865472474249037,-0.9476609680387958
4.430731612846163,1.1064160886646872
1.4290486674270304,-0.11545354289520485
9.006959115003713,3.4879233769776485
-0.5553991811890653,-1.816119323870647
0.8177577075513796,0.25947638948023544
5.255127919805794,1.6021041722716112
1.6332941324439876,0.4236748539333832
2.1197504904129736,0.5605329323408581
7.404474711821326,3.8243721519375304
6.600447450289897,2.373589921376339
-0.5714125882114365,-0.6321488592899427
4.424275735970414,0.7146668868878335
5.744172034232374,0.8324017862429551
3.4149113831401126,0.10405816161698694
1.3964070409827953,-1.421120202969076
9.6167206636001,2.8315890473373795
0.8618489527380935,0.3413271702509666
1.1615651511518958,-0.3601768656697363
3.4036740084741126,1.4957104684305673
2.3427989863802483,-0.37414683645348523
9.473294701174375,2.944228498213239
2.0421602159440884,0.8074638713803577
-0.639128695361388,-2.213671374378789
-0.6601503614712304,-2.305683096977293
5.024460953609349,1.7534794234078546
7.647301413367339,0.7056588931218221
5.708944659431224,-0.034855005224268876
-0.36558683381008683,-1.437869305074357
5.833017818740041,0.17388875541990056
-0.8611317514610451,-1.7636960683473375
5.401573281234829,0.9757179828940218
9.686862083596944,1.6842005735278633
1.602550230589498,0.6412134269811518
5.902785541429585,2.260184242920657
7.906460557254478,2.7170556044323924
6.787992438903575,0.844558772519143
9.755602656963529,0.5081853872293569
7.041857652109169,0.550141940228928
5.074783081178485,0.222877201506249
-0.2149081836973994,-1.8829968122258953
-0.8485281841966972,-1.2333543350647511
5.182532604403521,1.9265296694789407
6.120065744825102,1.1774913766890036
2.3884743059828635,0.7910852086275364
2.0632037630448004,0.2240502875516816
6.043073315358405,1.435602004415162
3.0940396098079965,1.1889922062514153
-0.6066715118625365,0.09844405693522351
1.056036523884198,0.5837315629468323
1.4084325226612546,-0.05926117059212763
7.882291532219563,1.8469891075644018
9.846610251315816,3.269753894494492
9.09180848249029,2.842222827888366
3.5189823136147327,1.8608034892050012
6.5710188048879665,1.4963802431548154
-0.48854954867343203,-1.5808495373640858
6.6695866776879775,2.092860107301745
-0.5218714700981815,-0.9281677203342464
2.514638734722399,0.8983684484292149
1.6844508598275136,-1.2753357061241402
9.573631401919743,1.9549253629628962
5.091605488538172,1.4513749607098991
4.377084170435325,0.5750574717790492
0.5296885172348076,0.015186608677478786
-0.8761543974306022,-1.4246252409690676
2.8539732660785124,0.8101294985849881
2.7250749312624114,-0.6536846158488179
3.691953353129362,0.4798768156852385
6.7295194517702255,-0.3502347644244803
7.912046136716718,2.259463016627868
7.242614046382949,1.8836727402762847
7.231493819728367,1.7920484118608662
8.479366689164284,1.0154532492625856
1.1807938363844785,-0.067648269709218
7.266426171512071,2.348505084364455
0.5133022986816309,0.1923679060159479
9.433625544838547,2.216264440743773
3.8412299439965,0.9692808879007849
3.1776401207108913,0.6450951041710324
3.356493698302102,-0.20670584776603718
5.3705906424884535,1.9513813659055232
3.1488085801799492,0.9496558112574156
2.067683645505462,-1.892990110736696
1.0221596928629602,-0.3613875725381822
6.815137125415207,-0.49632772914040535
6.500246910074699,1.0170847232186613
4.784220417070729,-0.39378452482978776
7.679812316614525,1.811678463431507
4.0556337502263045,-0.06037850597785033
6.622684453411195,0.25101987296927875
8.175951870132257,1.7912472207122017
9.516373884775103,1.8840225100951318
0.04431957410241116,-1.5210342491438098
5.81740037169643,0.9550672995105038
7.809223638452572,1.690987049813155
4.307337919233831,1.9685473063393284
1.8282465640835146,1.324125697927271
8.307491859306023,0.6650584855267689
0.1938970408924603,-1.3333144866842075
7.532457985987721,2.6469954192106133
4.390600046298979,0.34112275599662717
2.640762884944511,-0.3135062632947118
5.33589089280467,0.3001523156201822
6.740151052987545,2.048158439953963
7.331008263719172,0.39059781340796573
8.720310984977475,1.468736065316059
9.504863571623368,2.245339248630481
-0.9349230331734972,-0.17814058921896891
4.095729445432903,0.4933573428616951
1.286682005802378,1.6030252730427454
5.301072483926207,0.8779355565351131
6.367207750052881,-0.06500441492788833
1.247632890317636,-1.0286064690767054
-0.16427762554124392,0.2366992531623937
7.5093123550794125,2.0927075691806794
6.66579996603076,0.1411058195825048
6.706089994974036,2.685017033892695
2.832627042225702,-0.49498243767667993
2.942727599544751,1.03723596643992
2.7920125308382358,-0.1754275873175709
-0.16325625732884863,0.34572548485591426
5.167626013868045,-0.5207661513798789
6.1286802450338,1.4508201979670132
0.5224905863128289,-1.3177014627396315
0.8844881967485558,-1.2113827509244923
6.007685108811219,0.7850719792148511
1.5715143332171468,0.8188628018875082
9.906273536852062,2.9327202337510605
9.87655674768599,2.7819514300762056
5.735034634090931,-0.8614531553681213
0.2660453109977512,2.1925201651565676
5.251867181578307,0.5688249024118144
5.286595744713753,0.7921274613344973
9.944995877801162,0.8231599484406773
-0.37230754360960605,-0.4067490393198742
7.145743204323914,1.6136184861761962
3.925041719658042,1.5682133133525418
3.0385130848795434,0.18006074018176277
2.285337257266575,1.18430982468051
0.8858495414720262,0.328180438364321
4.371547958158314,-0.0018311256434866419
0.1782218348266449,-0.7114149466161278
0.11503996738710187,-1.0582223179007735
6.709297114348255,0.29356292427847386
2.730612137065843,0.24594653215453904
7.892206470488606,2.3553342730509264
4.821592894252378,1.5537284288352016
8.726215889061937,1.4852062910347188
2.796109688241674,0.5203384218011875
-0.4255807686473423,-1.221173893240755
0.5395620361218918,-0.4729484935609995
2.129384232717529,-1.3355601574295308
-0.08026521991233337,-0.009732991478654918
-0.7214498646238545,-0.4618735070982177
0.9389631838967452,-2.658545741047607
9.654096919470648,3.268747027139636
3.148389110610209,1.3659227635163753
2.7432382499970425,0.5088965169050874
1.125213360908039,-0.3157558668615568
6.636443094494909,0.6413594743595942
4.869988304832556,0.1428533160793164
6.123729447116048,1.0107990169844974
6.484142189888541,0.2001728618899501
1.4262278437773923,-0.7480912828265158
2.4743703521300917,-0.3215142508128976
-0.9243596859086539,-1.6566891503757226
5.212865954589165,-1.3133578063327318
5.973055447302507,1.428261385493433
9.72784785152086,1.932980678061683
3.0016077499885387,-0.006782815551857141
6.982809958262844,0.9095042613849582
8.049213469080563,0.28782875231400906
0.4552230082295998,0.06312785616843164
-0.2801629665933285,0.07232960089735774
9.10552550921676,1.6587904030574534
0.572378583385174,-1.606606542208274
1.310375075957567,-0.3309585083423229
5.4385228087502,0.3172598405244491
0.2975844621194983,0.08167677609813717
5.487625116162236,0.3665332493911795
1.5958228585691634,0.11522429593213962
5.088769872737819,-0.038785422198849395
0.6455593315851891,-1.8653163992348467
3.1984996278755897,0.7457151636953542
8.552604478279974,2.674256101299056
5.719924130880771,2.8195632514052
2.5424428936538277,-1.0951638307469613
0.2560060972743514,-0.9328702022396212
5.34536956973481,1.5811986159443916
-0.11619279234400426,0.31029007574678935
8.865472401900092,2.4532802091650554
-0.9946307667255476,-1.2295407697588312
5.194866602937424,1.6089202150812307
3.769128001937956,1.4783947078924828
-0.2840597182699054,-1.1496586741882777
-0.6693986691984156,-2.399481431304689
8.27766698674368,1.6737415630820955
7.572982752729482,1.6946693550096978
5.366946469889748,3.1658296463059354
1.1898793825808243,-0.28885647513619606
9.440520010321475,1.0987606638399083
6.608520142488346,0.02827321043772324
9.244100410970349,1.6611641939486028
2.9268353784724597,-0.03524946219794903
1.6062712650989819,0.08705305588321821
3.1976497918751647,0.1262861984130182
7.864218627498106,2.739144121185265
8.505346267892888,1.0702201361462662
8.095907439951363,2.3868479417105535
5.199444463511238,2.2275817932274964
2.8992564704344765,-0.9648713090532576
8.441631005908707,2.356530645646629
7.633984637109192,1.8784097856409392
-0.46082427766312584,-0.8818768262895428
1.2126530342052018,-2.3007438573979773
4.433091571421119,0.4263134377731337
1.5067811910723061,-1.7047357959251037
6.401340025424675,0.9591497596209426
9.305676363089791,1.4329036762076808
3.4375013122402613,0.2545487117521612
6.967960681722218,0.6160276842017485
2.5421798179796076,-0.3044924962567997
9.521282639749478,3.241048895077208
5.377148324019773,0.90553448190486
6.342406486417333,0.7411927720159391
0.6802610098401423,-1.1210318121069345
3.628471769258401,0.6342471360150386
4.415004537251586,0.4736559408143437
7.220294988926504,0.6932622834112855
0.41708151127249304,0.6982031192455684
1.5195472041209328,0.14192978202649625
1.2775030006386934,-0.14784799689890302
1.2204091011753482,-0.7259971932042594
3.3644632963847476,0.645734266719703
3.336827507510087,3.6356134367524335
8.111411103447463,0.15560692660630404
2.707807572972575,-1.3147791702762506
3.276381721769919,0.11426109396513445
3.319381513205223,0.059870684651120804
5.519546443271632,2.140035765334754
3.9395421734092126,1.4827287979615646
0.820401833695592,0.7746293491506915
2.560111573681257,-1.644713064539084
0.9922866324441628,0.04085204050637098
6.5694662737498195,0.11774033907493542
9.815595994141855,-0.2389005862643967
1.3034329440224997,-0.03608923835066108
4.990688264807537,0.6307005819389736
2.8201837656248254,1.6176967979200358
6.880944173555832,0.36302168555385506
9.338701051636628,0.3215633882995952
1.2787958667512465,0.15137854126312
4.760697823864105,0.8960775313293912
9.733420505249136,3.8043169268395953
0.8287223906405963,-1.0296172616465809
4.987940997977477,1.5067247657855085
3.4122918394626156,1.6770814939191925
3.7023730973329005,-0.11847896865050844
9.354746604013428,2.104336613119422
1.6513942688251415,0.25852516000007564
3.872392298748059,-0.9171718499688206
-0.4707367294526964,0.370468839880266
5.328116755256996,-0.3036390233021664
1.8287762539208865,-0.1301869712642358
9.601690331894153,2.6284549439353877
6.981656961082893,0.28940282462429257
4.999337041876763,3.257785986403837
4.208574024630104,1.0537782513041714
6.658881852899535,0.9139854882293914
2.4027986622031143,0.5132866042178686
4.518143252222304,-1.5045415104113318
4.534175136520171,0.3647788065772507
7.282509632030784,-0.6740940926008683
7.411434541607216,0.5848807985377467
3.2942458150253406,0.4185266305371231
0.7982718902107628,1.2388909889987785
2.859896573804294,-0.6409515855306055
-0.4494652859259397,0.39697796913462524
2.2923444842868217,-1.237408790297875
-0.765454788631248,-1.27740986547386
3.7896349959243576,0.8029501563088993
-0.9109051606741778,-0.9380764609165282
0.20499697002848682,-0.5564861385707759
1.3484393897457867,-1.8740691098277686
1.0296471632328785,-0.03717815591789486
3.5897023479780623,-0.24238217705808662
5.451562233942057,1.668601982379705
7.7592141206793315,1.5669211608946585
4.267197069797467,0.7098000549848561
9.487242196692236,0.6382132094812876
9.463805065772352,0.8722041831489622
-0.11356221410900857,-1.6042785462874227
6.349637504332304,1.8657421482929228
6.2618141195616825,0.6134000232538518
6.341599658408665,0.9806310949293097
6.551972985077221,1.272911886348948
3.618582131251868,-0.6824383120635193
7.951384419810061,1.5220046881096523
5.228960463561705,1.6731407293173657
1.7405293861191993,-0.48812829864418816
6.818531208716062,0.7406631621785685
1.2573488927428595,2.1289602953948794
5.91886481082085,0.5936178860233962
5.745010017173854,1.1633951990793934
3.724837937112362,1.9536854162083694
1.9983660556541878,0.8163349084151633
5.7936257092182295,-0.495736638882168
1.9875611779038702,0.8829761508195929
4.389958793844471,1.1283440031556093
6.112401647394345,0.2380829764235215
9.343759023584388,0.5105700099886019
0.6035983214690037,-0.13543186615217845
8.084230603222592,1.2806355641685812
6.573385230895302,0.9003606806531632
1.1877107381309622,-1.12516910076604
9.191677122929622,0.9886586219548779
6.908635078470494,1.4768101185097078
0.6756258749569,0.32694379330496515
5.383036418785618,-0.5785755753440178
1.8453383364082518,-0.33039600161890165
1.980819874537536,2.5150291328526526
5.8890002853502095,3.135754992755798
5.1450722975643615,0.31066090206689956
9.623298722432855,0.507522930492792
3.672368811963281,0.2731351706602815
3.2316888898391296,-1.9907023474912133
6.238241126402632,0.6425047486608096
4.464073479901032,-0.8754377762814693
0.9895816148275638,-0.24933283731755237
8.92791613833042,1.7979389368938192
-0.32115999708789433,-2.093993560049604
2.2682507718686185,-0.8358587303851703
3.3045535630859053,0.5719617970997164
3.307540930698213,0.2040706754396559
1.8017428671703364,-1.4663094834001633
5.804579258821643,1.484124008798221
1.0777602670149502,0.12117755314145029
1.1965184467762224,0.24689751814283512
2.863972072999517,-0.2445550789551152
8.287157479059795,3.258276974123447
1.6297250836695958,-0.9813276998104337
4.635254445150106,-1.3836066794548634
2.3400553906394057,0.2526822284019028
3.545930995869666,-0.38200462168879856
3.661050695493028,-1.257753267061872
3.206907880568707,-0.7645877841952463
-0.3302326592712319,0.25762992229203274
9.394202628355828,2.0433262770496783
8.511896250479928,1.8994855047199317
2.629294874723477,0.1723996963468689
4.280034372392785,0.8946140364575356
6.291757792710435,1.4070098815543084
6.3361890491491675,2.1649250719184012
0.051673453362888644,-1.271127984619735
9.169151091269578,2.420576968399997
5.078963171176798,0.5974482869080158
3.8394286703924934,0.6371119840643689
4.813828889792161,-0.6337399095852334
7.585390482111169,-0.13376959965484514
8.053896429553049,1.9374782875692533
9.484147940878273,1.9268388759990296
5.388879051156531,-0.18103308950336294
4.59758936684776,1.291402202848412
0.3382913376292853,-0.5869130224224086
9.301841444907273,3.1924961495434627
0.7833931345177398,-1.1972652740967238
0.34873117598327674,-1.067994623141359
8.19900891874672,2.385562930063837
-0.7365003725236003,-0.5508298142687305
6.7981562219797045,-0.9566436420277464
9.062335186338515,1.8718646923112259
1.177266366145072,-1.3284540835121452
5.104238919908034,1.5093192080545155
3.371080725836899,0.56853478794848
2.6363744474729733,-1.8922032818494419
8.685845094013498,3.742270983190139
5.667202014888544,2.619010899885252
6.155254607783664,1.723851839100646
9.294129107296,0.46228501199259076
7.7792570094424995,1.8686776783955594
6.552135852827474,2.721420842639104
3.3828059554177425,1.4451630984155288
8.55226403321584,2.6843842278694448
8.424418424969367,0.17151506415456286
4.83936757920359,1.6611252158089993
4.999156779051499,-0.21331243849880854
4.179361754515097,0.023823002371445523
3.4877811697136494,-0.7785299139437769
0.16766315526452713,-1.3252250111941355
4.321423206465316,1.247691367576079
9.271379560217941,1.989408171720398
5.793899887242315,0.6559668761880477
5.571989791147217,-2.8467561505168355
2.592118978820732,0.22885423418797723
3.8537251352299586,0.9921986728377084
0.6497566607509326,-0.5252687959838506
5.758703475819254,-0.5499196568246778
5.214206296281216,0.16215753111275288
7.908481181766547,1.9781540178240304
9.453650528871224,1.631526505568181
8.59236542568944,1.3053618012293988
3.4391224770057507,0.1738153651765174
7.262348960881917,1.2978819281267409
8.126281070390714,3.5472648267060203
-0.22923368449308912,-1.1149648162655783
9.683467586918027,0.5096159698822569
8.880296057299159,0.9356457934619773
5.082416197420318,1.3525705880966563
1.5325474879912435,0.580290393736324
2.6401597198430156,0.5429466783811533
4.208306285969979,0.9208069144899108
3.8874761682138637,-0.9903180967933372
4.33530918174762,2.8319222233050576
-0.516468041438139,-2.144677289004077
8.854961786985015,3.050606285923518
4.304894329793562,1.5318793735735574
7.001783670910843,1.9236793747081435
3.133615458080455,-0.8746130818727706
1.3723248955374974,0.5325195636577003
2.3776174241690295,1.1229815080512444
-0.3982200712019941,-0.29414269443438457
8.092176848652581,2.236307064066043
2.2807349931034864,1.1389897030358154
2.447016618706155,0.17085484782004254
2.5208159945676663,1.163083131788369
0.10182978842004853,0.9304928726826049
5.420168717778772,1.1359175350612642
6.204922642166085,-0.29271439872189786
0.3268170285714036,-0.31455330784732366
4.47778518540677,1.2336690199511313
7.103013115551249,2.2883117986993855
-0.9428498700981568,-1.347016219964997
5.464243336772745,1.3706508720043036
1.6123548473581155,-0.17185948488129732
3.2674251852387615,1.4429460219158532
6.360662998514481,2.231894387354048
5.407048666879112,-0.35380346913660254
6.4597076912654945,1.1573993101429811
0.37661429425783877,0.28253916362879394
1.9675317939229364,-1.5811329601430835
-0.4523487206512331,-0.7409164434286963
-0.38697833736387455,0.3347687573280025
4.435718672598224,2.2362566672817588
2.6169039276048442,0.48144718303585443
-0.6307613595223736,0.2398370980626433
0.23625953144189937,-0.9491851725275277
8.498689849698163,2.492962276733327
9.067502464963544,1.1271255832534002
3.5507638288171828,1.2469404771665906
1.4111988618378093,-2.2015192653394404
0.6202256308099554,-0.9631557414191818
1.8514994077790456,0.13566087649528347
-0.8142783385116983,0.6689535066191845
0.18243223527612606,-1.9262301874125498
8.6857234354578,1.7588332306059673
1.4587868174838698,-0.480728503808178
4.0775036754572165,-0.4024455045386717
3.056058704884985,0.932525725748126
9.306974717290139,0.3850473985675231
0.364739525586286,-1.7605955609502248
1.343640886128426,-0.2870365400990186
9.0916915013355,0.9886903884290197
9.418734815333723,1.3124794329252072
9.01972925906562,2.5739977725782865
8.269160774994582,-0.019000384079127963
7.161882013052701,1.6977998161252703
8.151858470593169,-0.3316964170159056
8.922061780444904,2.184596753943601
-0.7739590776221508,0.6764203666076793
2.8969090524196046,-1.7955335770393748
3.2599319094223063,0.10316141543042343
1.9323058854554644,-0.7317616392355982
5.839179400806387,1.3760807690094545
3.0579202625272615,1.497398245144172
4.441321048287977,0.6979948877440165
1.6270286482106164,0.10092320092153978
2.7295769252817044,0.879906202899167
4.831670914612673,0.09854747490213611
3.927358489575041,0.35928820146110785
8.558226803438158,1.9103247642027903
8.132318765562397,2.0820536567752987
-0.9979569093985157,-2.2165768678404247
4.165611761942554,0.7557522762005221
7.0410613430080655,2.073328921151749
2.0377892020158432,0.8414200170980085
7.225411497076923,0.8794066299370568
9.975728174997704,4.136756391782294
4.97782503620365,0.9749892798896882
5.134843406676316,1.2220866647597366
3.8061892706027356,0.6376830103479875
4.524513319764842,0.4122395433608734
8.342287367818303,2.8527765815605837
6.455097691783147,-0.7266994841812522
3.3231994344751348,0.42217789031369013
3.9520494227045857,1.5884424358552203
9.192106076364787,0.30499691325302836
0.6456886277079414,1.1683786924350001
1.502924507311271,0.038105085258594684
4.1964037354971655,0.508669894849662
0.37059393942625585,0.2503109142764768
6.922906846644815,2.064121357964942
4.666145728388888,1.8794717626688358
6.97725642002898,0.8773253382420287
-0.0760961755451316,-0.1891930394575353
5.686045694387744,2.6338241257401336
9.250597467130522,3.7060680516733155
0.6100589730387975,-0.24956727630385678
8.247213931273773,0.8724838787379839
4.824982631994773,-1.7218949973922726
0.7326284688191795,-1.1261321955320085
1.5518755143522336,-0.14974466975118572
4.781642965065308,-1.5998995222801797
5.686718402036006,1.7172340567612698
7.3258515616296656,2.7058905037628618
3.6219566294855365,0.15600979874527934
0.10958790089479153,-2.1275763847182856
8.604968335603388,4.280642323909649
1.0240047709958526,-1.3592621855984541
3.224582971203776,1.2189317312244046
-0.24837516044975438,-1.1434263739283144
5.645584761849906,0.8429987916434093
7.328300307473441,1.5988334569348508
2.939070072987743,-1.9097914136005674
2.097460056476385,-0.07909328235071983
2.4567278354782696,-0.9299815205134478
3.8587462161557333,-0.25756188711279093
3.043974661751572,0.011163064608312678
1.457579280305481,0.24046188366816457
6.416928386064893,1.2026901621436352
2.1213869767407627,-0.2439075724106044
6.612387742210904,0.3121301590201937
2.672516053956559,0.43816686074348793
1.252632709515309,0.20207302501309454
8.883399674808684,0.7562440141235396
5.897147468575775,1.357732268447525
5.254267538472407,0.44567364053997693
5.234461459878979,1.5709923825275829
4.305150199192765,-0.8376624348515724
9.020583556313785,1.6471064597104257
5.87095258986028,2.271218805211147
-0.932430367132683,-2.4860170555656365
2.4356877798711585,-0.6323848634672424
9.76047712894399,2.8525125352072793
1.859942778744153,-0.6187177654804421
3.008445516247874,0.3328003117289545
-0.47203631666390955,-0.6150163889521111
-0.9105313076010493,-1.4623624487624007
3.7747254693582137,0.8564161951949848
4.967970992993212,0.9627198000344891
2.9407998273531177,-0.5070301026190183
6.100031843484618,1.033183552145887
5.207741506166228,0.4472498873336299
7.165279597543625,0.316893536265896
0.7439915329569882,0.049772328784136455
5.714074954946596,2.570469328528454
1.5385721359883613,-0.5110314721186773
2.643100636071467,-0.2677184916382213
9.77376012090009,2.466651261426926
1.5830581823532266,-2.3157901104860215
5.608716206067651,2.0178393358405486
-0.895163771866621,-0.7884196694385208
3.912462401554687,0.6154505983257248
8.579954336783109,3.130917733017261
4.756834230646218,1.6155649973601873
8.52651306922925,3.1235002147838618
-0.9289916381744645,-0.8544917223854928
9.294582205375276,1.4200246001788766
5.426916062189224,0.0720735948338892
6.800041395615952,-0.4143013086050027
2.7362752483008976,-0.2783833063432968
9.535223344630134,1.119470689682676
5.866808747681253,1.388959744643194
6.31949633712562,0.16676575983516773
4.902065485849789,1.6589969880474307
-0.8010757877401334,-1.3086934557815448
-0.2608431308173039,1.1458909013674905
1.5799999718521534,-0.5946096194782132
3.6040368921042125,-1.1277428373180924
8.888972774187677,1.2086995250681172
1.5681557420623582,-1.0103431944972094
1.996134516394397,-0.6635159371189292
9.575337831669666,1.5393652569965965
6.911045702796115,2.2100337121458957
2.5049393550922145,1.2768735214097457
0.29186337086496295,-1.0994783763771745
3.333729156232817,0.21947803209917266
3.498229639577466,-1.2215740736927567
6.294814241583756,-1.0021768995721343
-0.4353254104513926,-1.8305059907768424
0.9335873652841999,-0.4986248531399508
0.7224112040352826,0.0039515805743271515
5.092161847765781,0.9997715147240464
4.096452607520594,-1.3821050907608265
6.907888629210878,2.4269196654184726
8.586320759058049,1.73519964333531
0.0767003098218133,-0.1762999756571667
1.4449258166456347,0.5267540157521811
5.544601911697922,-0.05094107027025285
3.9586951811408326,-0.8027062239377885
0.3448890932012967,-0.7709828551071176
1.8827876084681572,-1.7856271789361278
0.8073026170471311,-0.7343246538421443
4.59722626408942,0.18867632608604246
-0.1368513527575579,0.32362442722577933
0.6097914621667431,-1.8777959209127697
2.158406548648447,2.003519551322659
3.815901920067197,-0.09014119638931362
6.6752690436244855,1.102338731533842
3.0563727773701537,-0.2929616660055038
-0.44452519356953,0.008131825628536982
6.021617560058898,2.5077041878249746
5.742150696648008,-1.1732063257885055
4.115594096887185,2.547017209999928
8.21830160313452,1.281820391442383
8.570821873285462,1.0981167521462494
2.2108628463987117,-0.4857601436723815
4.367030839360997,0.8085002096290181
1.8222116415522756,-0.4750593205642738
1.025988635360398,-0.362855159209376
6.821528525837083,3.5611591690932975
2.6903040732730545,0.9156819548845863
-0.921765826271251,-1.1284166439038377
2.8687519907988692,1.9137300821763557
8.32109127200681,1.6917273102823984
0.8779571556633123,0.08313130497102789
1.499770643571055,0.841500562792011
9.459454160838643,1.3658163630017395
-0.5784797559116905,-1.4759671611772127
5.16817159695142,1.7736538032070226
2.8237236963631083,-0.07598426446030868
-0.8680061935059308,-0.9614080980535664
9.370271772968739,3.206692843462833
8.77687945121678,0.7149517769231937
4.140131251600334,0.9071148012241363
6.288133235713641,1.7980882042191357
1.9562060149119787,-1.9235478689233985
4.746846841524755,1.004450191697352
4.455243102078679,1.2021559471836358
3.1940547430710833,0.5224895566468228
3.675790839132816,-0.45493557525815764
3.8823695462912706,0.26366288894958095
4.925814498903432,1.2389151956861855
3.4921450641745775,0.3490036969516
2.194321818276641,-1.7161787858831956
7.437906848773968,2.518572462237386
8.313670322549727,2.4414092676468186
6.541990193014929,2.6183145818384013
9.657295758444224,3.1089989932220146
3.496697899388976,1.1425530400334771
1.5452920623718809,-0.007713341856843081
6.9252999300727875,1.6434063762705415
9.48167711733316,2.120564647172108
2.386729718029908,-1.1377037889966872
3.284651872582934,0.6426983098531788
9.8425810667713,1.6349211898105422
0.3610479801958597,0.2544290354956389
9.112334270286278,2.342464658589083
0.1920065118715395,-0.11314817817839562
7.452408425342929,1.867963907703007
8.51923058338583,1.5811873171948105
7.018824173155348,0.07217991179390881
4.682134776053744,1.6519009342048587
3.0419987628682854,0.16544578374316704
6.211891801388425,2.4705689372845434
1.2470512722734433,-0.21997482160257956
0.5694975045358959,0.8029537341356693
4.685811235454308,2.1431789841336464
9.293384683763156,1.1489177716738075
4.495827313931364,-0.8523559042242785
-0.27161137494492926,0.02011168849299738
3.311930138585778,-0.6379485234239834
6.0162299379043285,1.7564162050976173
5.320805791092477,0.7418430687954027
2.3643553101921806,-0.6879956343627008
2.8079797302019953,-0.8359656341608687
5.534643256323303,1.2936561190839841
5.00656327140042,1.2234628696073033
5.514608418298728,0.334214151083994
7.371713842219492,1.2450410046208567
7.56771958873899,2.7282949578785534
9.298099214129477,0.6816202002807645
-0.18745876768095948,-0.47120949927930583
1.6413045748228745,0.3129402613923313
-0.722972477108606,0.2308558485321326
8.013983085620751,2.3357241887111653
9.419812565104477,1.5771800515084704
-0.20030750334030623,-0.5076453040668678
2.076879659408311,2.108068291855571
1.6853217631052853,0.10849584795352396
3.678954373730381,0.1676847623669198
8.772909822934942,1.4023454692318524
3.4936341316264397,1.659995535707808
3.9082449290442076,2.330147848132149
7.621429831905401,-0.5534858750145493
-0.5115887210073486,-1.0906051290896224
6.515261647229999,2.2869603257198596
8.967165897349911,2.136773627930012
6.599046739055444,2.0386932865444427
5.678038638305811,1.282364634282696
7.491750746751048,0.1955781981568705
2.0009017861181486,0.051451930363799414
0.09173672419949863,0.40983338030609284
1.3475235851812224,-0.7018128851752519
4.156222300922084,2.2671716430922215
8.98102899883849,1.0240331853657407
7.052508043522623,-1.0213800406861744
8.193630650793828,1.9601368074061973
2.1439193939377392,-0.7122783935187519
9.50705106464971,2.5287325611456897
-0.01991153275162061,-0.7240212494328913
1.9736838901028344,0.07594872487110269
4.748967910923083,2.427937282507976
3.276740364656508,1.1091108653049826
2.8937839350657497,-0.2909947620159518
4.539288587213167,-0.15639487313867573
7.520718145807722,0.7949069395178141
5.490128875079771,1.5343756652297809
0.8053051789229342,0.4764295247732746
2.7617639347858547,2.3228742380250833
3.1503390601246783,1.1775012335488526
-0.2409015444878181,-2.868013815447663
5.236762994987072,0.22254095242058125
4.519821693053753,-0.10284643958328499
9.454606753791897,2.5475371906018607
1.3861191010067304,2.599407996546325
1.6999131071442273,-0.27442552904256656
6.7612511634834656,3.5388331433541724
4.885425485223329,0.06905745978581723
0.1584612388514186,-0.2716617724080638
2.0000686007161774,-0.5903523492474089
5.936078802900711,0.6105476660955071
0.3606488484022017,-1.694436904100494
5.2752235941561905,-0.33862733305507997
9.075715017399665,1.191385543961558
0.5909876295742462,-0.4354931102158059
1.1886861576176697,-0.18345577180280884
0.9950400780189717,-0.6845824524965699
3.385325992715936,-1.3732738428849909
-0.909127599374811,-2.2481288687779974
5.796961426832059,-0.16957033940718902
2.6995577255579604,-0.9356014752452324
1.3175160993576842,-0.6369754037587226
4.477020893081973,1.1452695255589358
6.0996460678831195,1.2918378113112599
8.886729409511672,0.3846333202266199
2.7572965985741273,-0.8650407078895253
5.010188933205944,0.9479707785257341
5.492604656268883,-0.32473494464617225
-0.38341343074878353,-0.1754544750715301
9.509677230382504,2.099245917265452
0.5108232615428294,0.7732948168619035
7.578202174197212,3.6153195831416722
3.996463106755166,-1.0918530184722246
9.528000829998854,2.179491619833823
1.6215933450046163,0.5235377477015866
-0.15144241825236715,-0.42921921682473446
4.5308264772568165,0.6597474243668215
5.5571684662769005,2.152356409373411
2.786271203802076,0.4344428580533773
8.380785892188175,2.0998272160210263
9.009573015543284,3.4232516436264833
3.327715938059427,-0.5605103388677494
5.985580035624478,1.4403296549582896
2.2409309382557847,-0.5494235707203683
0.9812470157420772,0.2636683729441923
6.303573721153988,2.0674275788882484
2.9728965425465543,1.8659542010934382
9.732260203615764,3.2772993618578026
5.499335954376369,1.7312969497194142
3.321808968131913,0.677716282137329
1.5590696963567465,-0.9357974951088353
3.5381782124171437,0.08941636870781261
-0.5449912348778612,-1.1444797100611896
2.5527736486448247,-0.2385236097120051
8.872278036726396,2.0724369315975717
7.806288540770119,1.69312548839002
9.191301775941277,1.8578542701092906
2.03314739167196,-1.0776059536456648
9.908938709145032,2.46528759939031
5.102317228758642,0.549544074546546
5.034042749224117,-0.2596250648557721
8.180633158442827,2.55827333895508
6.34611577239342,1.8995944086189382
8.457579924739209,2.3018801995487315
9.069441287459453,2.906156107533694
8.212495251794566,0.18943880560887338
4.246362149116235,-1.2263281693208516
0.5947188029817294,-3.0341111382521593
3.3803335156687346,0.914422573374111
1.5480400208197889,-1.763185466282856
0.44164403517471174,-0.92510954656459
8.96356897051371,1.4900323252486067
9.531560086622289,0.2655499376526884
5.039203003015595,-0.34026167542496033
5.598214716201102,-0.11563784242239739
1.9810358030509572,0.17820615178148047
2.1860677899682983,1.2354277145286012
2.577684894786054,-1.3235588377150558
4.390546170957311,0.3522580962025218
9.00419022655972,0.831590070842259
4.481667950889697,1.3582715101818148
4.485562698559681,-0.28463649540096014
7.967670462554697,2.3211752210323593
7.331139527089109,2.700671394035174
5.252705403928134,0.6540935000988071
0.695026811169992,0.3529863033540316
3.6783785650399494,2.028836317955765
9.797050178591894,1.9333099548948451
3.383475541138969,-0.5863838581420945
5.364363157637525,-0.2289787381337578
5.086823934338166,2.718462542025586
2.1402874952184625,1.8261951993267564
-0.4815644440819711,-1.270094619658423
4.324549201441067,1.4312504238871102
2.555099356113576,-0.7927556544390184
1.4789228615059544,-0.6837221733084247
0.970647538619795,-2.4323982623550897
4.997766152973433,-0.03104563521987358
1.6738035226277646,-0.706755474257439
2.7833303023433857,-1.0766671807444768
0.20444376576214696,-1.3159364072837687
5.548610483395321,0.4897994593103455
3.70923460492724,1.8501227101279902
5.527376191051301,1.0220072097422723
6.815735408797467,1.7785080232074189
3.267976935764632,-0.2979936400520721
6.115966829105538,1.777911932231233
0.7744452753963458,1.3147823444049183
4.204068874643793,-0.9530898946624085
8.570535613476824,1.99847877734542
7.921456675006199,1.3890056716528942
2.2228180065342276,0.19519607133562378
2.5666462533877157,-2.0918283578990526
9.145430777116793,1.29025977588014
4.822856616868546,0.10404896194519675
8.554447873930858,0.8070527134788994
4.665531554762312,0.24549013330598524
5.753755424483593,2.028511653384953
-0.7252991634507883,-0.30218991674859963
8.763270925943777,-0.18894966663063717
0.06694926258452893,1.8301895703387931
-0.476086447351842,-1.957897496857024
8.203114457115818,1.7852569693494225
8.09707549953667,2.9023135649540395
9.51145804622666,2.0508381110867453
-0.20880364185202827,0.4300924260630494
4.739208980167608,0.296005220703724
1.7767076503664594,-0.2522022671401342
2.057215081096425,1.8055713878793658
7.337546248270462,1.7736456793605124
5.56217656310593,1.6490680699817886
0.13931225180848883,-2.8892944881359925
6.716363039109519,0.3884757413318891
6.256079780466825,-0.22515488845593
9.826040734111933,3.508576602715838
4.617263198369517,-0.29310827200599543
3.986563843759826,-0.9592043893937636
0.8540351947899707,-1.068794746816327
0.9277781996088379,-1.6946789918516099
-0.8044002533989866,0.3694925591944732
7.706941440049155,1.3133704736796938
7.208075593326429,2.6712809421632704
9.092460487544688,1.7944461798823381
0.11827777956249497,-0.7321885752291766
7.145902934251415,2.8996007906726793
9.232665345158138,1.5861252376872277
9.22674937660512,2.5489778552201323
7.385227311309478,1.8245370512061936
-0.6459077720343827,-1.5049297615198767
8.217822930503905,4.440813661762211
7.813061731584197,1.7849629110856304
-0.06365313764735481,-0.2297555961834628
5.661968046878393,1.0350794148623144
6.591954779405002,-0.2853139364624895
3.78982948159641,0.732376746280051
0.4386328109773179,-0.34221137368799837
3.5942709099140755,-1.8063605579370963
2.666550182221242,-0.06788168986530768
3.3635925796525017,1.1347547723338707
9.455712000857323,2.9489427544811435
